Layer 1: 
0.0648  0.0974  0.1396  0.1095  0.0812  0.0965  0.1133  0.1004  0.0901  0.1637  0.1012  0.0998  0.0776  0.2449  0.0948  0.0867  0.1185  0.0943  0.1251  0.0671  0.0977  0.0820  0.0721  0.1005  0.0950  0.0898  0.1586  0.1268  0.1836  0.0874  0.0854  0.0834  0.0980  0.0779  0.2281  0.0914  0.0843  0.0780  0.7754  0.1266  0.1237  0.0845  0.0802  0.1088  0.0937  0.1439  0.0834  0.0815  0.0897  0.0795  0.1144  0.1190  0.1002  0.0659  0.0845  0.0833  0.1151  0.1632  0.1224  0.1176  0.1089  0.0802  0.0938  0.1100  0.1598  0.0810  0.0690  0.2391  0.1157  0.1288  0.0989  0.0981  0.0977  0.1029  0.0683  0.0944  0.0876  0.0929  0.0754  0.0865  0.0995  0.1358  0.0743  0.0971  0.0698  0.1015  0.0873  0.0817  0.0918  0.1277  0.1000  0.0849  0.1956  0.1132  0.0802  0.0803  0.0958  0.1431  0.0902  0.1007  0.0739  0.0737  0.0825  0.0956  0.0773  0.0803  0.0920  0.0735  0.0925  0.0835  0.0969  0.0718  0.1808  0.1222  0.1056  0.3344  0.1205  0.1002  0.1095  0.1129  0.1117  0.0719  0.0925  0.1023  0.0884  0.0972  0.0826  0.0861
Layer 3: 
0.1460  0.0988  0.1615  0.1153  0.1497  0.1238  0.1178  0.1213  0.0851  0.1118  0.0751  0.0896  0.1349  0.1004  0.1098  0.0675  0.0694  0.1015  0.1615  0.0978  0.0934  0.1221  0.1152  0.1134  0.1303  0.1607  0.1503  0.1390  0.1788  0.1165  0.1526  0.1302  0.1313  0.0988  0.1168  0.1192  0.1214  0.1323  0.1073  0.0989  0.1882  0.1666  0.1052  0.1261  0.0754  0.1538  0.0735  0.1372  0.0749  0.1800  0.5043  0.1245  0.1034  0.1174  0.1367  0.0829  0.1076  0.1425  0.0957  0.2805  0.1252  0.0958  0.3859  0.1345  0.0813  0.1415  0.0920  0.0699  0.0884  0.1564  0.7170  0.1361  0.2020  0.1003  0.0918  0.0734  0.1021  0.0993  0.1092  0.1819  0.0804  0.1022  0.1303  0.1587  0.1883  0.1584  0.1535  0.1097  0.2991  0.1424  0.1003  0.0883  0.0885  0.0740  0.0994  0.0858  0.1592  0.0844  0.1054  0.0976  0.1632  0.0895  0.1344  0.1266  0.1370  0.1509  0.0999  0.1120  0.1688  0.1102  0.1237  0.1111  0.1207  0.1008  0.1455  0.1054  0.1351  0.1314  0.2136  0.1137  0.1610  0.1214  0.0860  0.1297  0.1289  0.1040  0.1149  0.1594
Layer 5: 
0.0996  0.0848  0.1526  0.1187  0.1365  0.0842  0.0821  0.1132  0.1765  0.1082  0.1428  0.0995  0.0879  0.0886  0.0835  0.0984  0.0811  0.0811  0.0952  0.0779  0.1087  0.1017  0.1373  0.0812  0.0875  0.0751  0.1039  0.1766  0.1186  0.0916  0.0877  0.1551  0.1694  0.1283  0.1103  0.1090  0.0983  0.0809  0.0863  0.0894  0.0969  0.1315  0.1123  0.1633  0.0801  0.0847  0.1009  0.0798  0.0806  0.0938  0.0871  0.0842  0.1435  0.1171  0.1515  0.1100  0.0915  0.1082  0.0806  0.0907  0.0912  0.2028  0.1900  0.0720  0.0874  0.2821  0.0966  0.0649  0.0848  0.1250  0.0761  0.1263  0.1978  0.1743  0.1174  0.0850  0.1471  0.1033  0.1049  0.0788  0.0801  0.1434  0.1071  0.0695  0.1384  0.0905  0.1013  0.2562  0.0886  0.1065  0.0783  0.0788  0.0812  0.1093  0.0834  0.1168  0.1107  0.0935  0.0892  0.1015  0.0916  0.0992  0.1106  0.0950  0.0889  0.0921  0.1308  0.1344  0.0730  0.0700  0.1136  0.0840  0.0765  0.0841  0.0934  0.0949  0.0997  0.0897  0.0922  0.1027  0.0900  0.0822  0.0905  0.1208  0.0843  0.0916  0.0919  0.1299
Layer 7: 
0.1006  0.1056  0.0839  0.1369  0.1253  0.0859  0.1077  0.0757  0.0905  0.1196  0.1136  0.0977  0.0755  0.0976  0.0876  0.0713  0.0997  0.0870  0.0874  0.0913  0.1158  0.1229  0.0898  0.1338  0.1031  0.0765  0.0734  0.1274  0.1064  0.0938  0.0890  0.1022  0.0811  0.1424  0.1748  0.1043  0.0757  0.0786  0.0772  0.0862  0.0865  0.0952  0.0763  0.0726  0.0757  0.1131  0.1062  0.2195  0.0762  0.0906  0.0840  0.0825  0.2379  0.0961  0.1211  0.0930  0.0789  0.0792  0.0791  0.0918  0.0967  0.1019  0.1603  0.0755  0.0831  0.1070  0.0867  0.2070  0.1451  0.0998  0.0966  0.1393  0.1070  0.0765  0.0905  0.1132  0.1141  0.1615  0.0847  0.0914  0.1050  0.1189  0.1383  0.0733  0.1146  0.0846  0.0823  0.0764  0.1401  0.0896  0.0796  0.0750  0.1190  0.0812  0.0741  0.0856  0.1350  0.0871  0.1079  0.1273  0.0754  0.1315  0.1084  0.0723  0.1125  0.1212  0.0752  0.0863  0.0689  0.1290  0.0855  0.1410  0.1359  0.0848  0.1047  0.0788  0.1254  0.1038  0.2617  0.0959  0.0884  0.0734  0.1022  0.1133  0.1099  0.0740  0.0855  0.0889
Layer 9: 
0.2162  0.0972  0.0788  0.0958  0.0796  0.1034  0.1142  0.0981  0.0765  0.1229  0.0950  0.0891  0.0853  0.4784  0.1214  0.0704  0.0823  0.1116  0.1113  0.1434  0.0748  0.0910  0.1806  0.0846  0.1072  0.1011  0.1042  0.1238  0.0850  0.0981  0.0755  0.1095  0.0773  0.1076  0.1079  0.0746  0.1683  0.0879  0.0679  0.0759  0.0976  0.0824  0.1321  0.1166  0.0933  0.0974  0.2673  0.0978  0.0855  0.0797  0.1331  0.1029  0.0861  0.0765  0.1205  0.1869  0.0916  0.1304  0.1318  0.0850  0.1110  0.0676  0.0807  0.0747  0.4290  0.0957  0.1703  0.1104  0.0715  0.0890  0.1622  0.1049  0.1234  0.0842  0.1434  0.0847  0.1004  0.1135  0.0774  0.0875  0.1052  0.0918  0.0708  0.0888  0.0837  0.1317  0.0858  0.0782  0.0831  0.0698  0.0973  0.1355  0.0759  0.1561  0.1220  0.0863  0.1461  0.2483  0.0821  0.0895  0.0982  0.0695  0.0899  0.0927  0.0714  0.1416  0.0721  0.2044  0.1050  0.0937  0.1102  0.1098  0.0710  0.1179  0.0903  0.1044  0.0852  0.0857  0.1279  0.1012  0.0819  0.0790  0.0840  0.1316  0.0951  0.1808  0.0794  0.0804
Layer 11: 
0.3110  0.3751  0.1440  0.1591  0.1371  0.1060  0.0820  0.1003  0.0912  0.1282  0.0868  0.1531  0.2784  0.1297  0.1214  0.7068  0.3346  0.1449  0.2926  0.1152  0.1080  0.1417  0.0995  0.1865  0.2520  0.2112  0.1705  0.0912  0.0947  0.0870  0.0808  0.1120  0.1018  0.1613  0.0904  0.1154  0.3639  0.6513  0.0878  0.3737  0.1104  0.1333  0.0867  0.1500  0.2098  0.0790  0.0903  0.0895  0.1671  0.0735  0.1203  0.0970  0.1158  0.0916  0.1673  0.1842  0.1025  0.0897  0.0842  0.1064  0.1053  0.0941  0.1240  0.3565  0.0795  0.1815  0.2520  0.1461  0.1691  0.3207  0.1271  0.1607  0.0897  0.3018  0.0909  0.1412  0.0824  0.0939  0.1659  0.0890  0.0852  0.0843  0.0874  0.0740  0.1034  0.2181  0.0878  0.0975  0.3459  0.1693  0.4516  0.0867  0.1585  0.0830  0.0975  0.1067  0.0920  0.1140  0.0832  0.1711  0.1011  0.1595  0.0797  0.1361  0.1052  0.0959  0.0875  0.0908  0.1135  0.1092  0.1097  0.0928  0.1503  0.1400  0.1548  0.3573  0.0727  0.0834  0.0823  0.1573  0.1211  0.1005  0.1163  0.1358  0.2805  0.0840  0.0850  0.1553
Layer 1: 
0.0110  0.0126  0.0112  0.0127  0.0110  0.0110  0.0131  0.0126  0.0126  0.0161  0.0125  0.0131  0.0106  0.0109  0.0122  0.0126  0.0114  0.0124  0.0140  0.0108  0.0121  0.0118  0.0105  0.0121  0.0123  0.0123  0.0109  0.0125  0.0169  0.0124  0.0129  0.0106  0.0118  0.0107  0.0238  0.0125  0.0107  0.0112  0.0596  0.0121  0.0125  0.0124  0.0111  0.0126  0.0124  0.0140  0.0126  0.0110  0.0125  0.0112  0.0127  0.0149  0.0124  0.0110  0.0126  0.0124  0.0112  0.0168  0.0136  0.0134  0.0135  0.0120  0.0130  0.0122  0.0162  0.0126  0.0105  0.0141  0.0125  0.0146  0.0111  0.0125  0.0118  0.0107  0.0106  0.0124  0.0121  0.0125  0.0124  0.0123  0.0130  0.0166  0.0109  0.0116  0.0106  0.0128  0.0124  0.0126  0.0123  0.0138  0.0119  0.0113  0.0152  0.0147  0.0112  0.0109  0.0125  0.0161  0.0124  0.0124  0.0108  0.0107  0.0125  0.0116  0.0114  0.0107  0.0125  0.0109  0.0124  0.0124  0.0125  0.0109  0.0163  0.0124  0.0119  0.0118  0.0126  0.0123  0.0138  0.0124  0.0122  0.0106  0.0120  0.0120  0.0123  0.0126  0.0107  0.0119
Layer 3: 
0.0168  0.0118  0.0197  0.0141  0.0188  0.0112  0.0130  0.0158  0.0102  0.0135  0.0101  0.0118  0.0111  0.0111  0.0127  0.0103  0.0101  0.0114  0.0154  0.0134  0.0113  0.0141  0.0140  0.0129  0.0153  0.0101  0.0179  0.0170  0.0100  0.0131  0.0128  0.0107  0.0150  0.0107  0.0130  0.0113  0.0139  0.0112  0.0143  0.0111  0.0120  0.0216  0.0117  0.0171  0.0104  0.0123  0.0105  0.0133  0.0106  0.0212  0.0141  0.0112  0.0125  0.0133  0.0108  0.0106  0.0130  0.0159  0.0129  0.0164  0.0143  0.0103  0.0128  0.0126  0.0105  0.0166  0.0123  0.0101  0.0110  0.0202  0.0108  0.0170  0.0214  0.0120  0.0116  0.0103  0.0143  0.0109  0.0102  0.0182  0.0111  0.0124  0.0165  0.0122  0.0098  0.0117  0.0172  0.0123  0.0229  0.0185  0.0105  0.0115  0.0121  0.0104  0.0099  0.0110  0.0211  0.0104  0.0124  0.0123  0.0126  0.0118  0.0121  0.0154  0.0154  0.0100  0.0126  0.0106  0.0178  0.0118  0.0131  0.0133  0.0130  0.0151  0.0163  0.0101  0.0176  0.0123  0.0214  0.0125  0.0106  0.0106  0.0108  0.0108  0.0133  0.0121  0.0109  0.0111
Layer 5: 
0.0096  0.0107  0.0110  0.0097  0.0104  0.0107  0.0094  0.0090  0.0099  0.0122  0.0107  0.0098  0.0094  0.0098  0.0099  0.0098  0.0094  0.0091  0.0097  0.0096  0.0099  0.0103  0.0098  0.0103  0.0100  0.0094  0.0103  0.0096  0.0093  0.0108  0.0098  0.0097  0.0099  0.0111  0.0097  0.0127  0.0098  0.0098  0.0089  0.0094  0.0093  0.0101  0.0102  0.0094  0.0092  0.0097  0.0112  0.0099  0.0099  0.0111  0.0103  0.0103  0.0099  0.0107  0.0109  0.0107  0.0109  0.0122  0.0092  0.0102  0.0095  0.0149  0.0105  0.0094  0.0104  0.0096  0.0096  0.0095  0.0094  0.0111  0.0095  0.0104  0.0099  0.0099  0.0093  0.0102  0.0113  0.0125  0.0094  0.0095  0.0094  0.0111  0.0097  0.0096  0.0109  0.0097  0.0101  0.0109  0.0096  0.0105  0.0094  0.0095  0.0092  0.0105  0.0094  0.0111  0.0104  0.0095  0.0115  0.0115  0.0105  0.0093  0.0143  0.0094  0.0114  0.0093  0.0119  0.0093  0.0091  0.0092  0.0119  0.0098  0.0094  0.0099  0.0103  0.0094  0.0096  0.0102  0.0100  0.0118  0.0091  0.0100  0.0091  0.0110  0.0100  0.0100  0.0106  0.0101
Layer 7: 
0.0109  0.0096  0.0094  0.0093  0.0098  0.0093  0.0094  0.0095  0.0094  0.0093  0.0109  0.0097  0.0095  0.0102  0.0110  0.0099  0.0108  0.0106  0.0102  0.0106  0.0108  0.0096  0.0098  0.0099  0.0096  0.0096  0.0096  0.0096  0.0097  0.0103  0.0093  0.0124  0.0097  0.0096  0.0098  0.0099  0.0095  0.0098  0.0094  0.0105  0.0095  0.0094  0.0102  0.0095  0.0099  0.0098  0.0105  0.0105  0.0093  0.0105  0.0109  0.0106  0.0092  0.0096  0.0095  0.0117  0.0097  0.0097  0.0099  0.0097  0.0103  0.0095  0.0095  0.0100  0.0094  0.0116  0.0097  0.0146  0.0115  0.0094  0.0096  0.0118  0.0112  0.0096  0.0093  0.0096  0.0101  0.0100  0.0098  0.0107  0.0126  0.0093  0.0105  0.0094  0.0094  0.0101  0.0107  0.0104  0.0099  0.0105  0.0101  0.0094  0.0101  0.0094  0.0093  0.0107  0.0116  0.0093  0.0105  0.0106  0.0092  0.0111  0.0098  0.0098  0.0100  0.0098  0.0098  0.0102  0.0095  0.0115  0.0108  0.0096  0.0096  0.0098  0.0102  0.0095  0.0105  0.0097  0.0151  0.0095  0.0106  0.0098  0.0093  0.0126  0.0098  0.0094  0.0101  0.0095
Layer 9: 
0.0108  0.0094  0.0092  0.0098  0.0096  0.0107  0.0093  0.0097  0.0094  0.0088  0.0089  0.0092  0.0090  0.0103  0.0104  0.0089  0.0089  0.0093  0.0091  0.0089  0.0092  0.0091  0.0093  0.0091  0.0098  0.0090  0.0094  0.0090  0.0088  0.0091  0.0091  0.0092  0.0090  0.0092  0.0094  0.0089  0.0109  0.0088  0.0090  0.0089  0.0098  0.0089  0.0089  0.0089  0.0091  0.0092  0.0187  0.0094  0.0094  0.0095  0.0100  0.0092  0.0088  0.0089  0.0091  0.0104  0.0102  0.0092  0.0093  0.0087  0.0095  0.0089  0.0091  0.0091  0.0103  0.0092  0.0105  0.0090  0.0091  0.0092  0.0095  0.0092  0.0092  0.0091  0.0093  0.0089  0.0089  0.0090  0.0091  0.0090  0.0092  0.0091  0.0089  0.0088  0.0093  0.0090  0.0090  0.0089  0.0091  0.0090  0.0089  0.0092  0.0090  0.0093  0.0090  0.0102  0.0105  0.0106  0.0089  0.0091  0.0095  0.0091  0.0091  0.0093  0.0090  0.0093  0.0093  0.0091  0.0097  0.0093  0.0104  0.0092  0.0090  0.0103  0.0090  0.0087  0.0096  0.0089  0.0092  0.0094  0.0091  0.0089  0.0091  0.0105  0.0088  0.0105  0.0090  0.0088
Layer 11: 
0.0148  0.0126  0.0086  0.0085  0.0086  0.0084  0.0088  0.0087  0.0093  0.0088  0.0086  0.0087  0.0090  0.0086  0.0087  0.0131  0.0117  0.0089  0.0105  0.0088  0.0086  0.0086  0.0100  0.0096  0.0097  0.0086  0.0087  0.0089  0.0084  0.0090  0.0089  0.0090  0.0096  0.0088  0.0091  0.0086  0.0134  0.0198  0.0087  0.0145  0.0086  0.0087  0.0090  0.0101  0.0092  0.0090  0.0089  0.0088  0.0087  0.0086  0.0092  0.0092  0.0087  0.0098  0.0088  0.0089  0.0097  0.0088  0.0086  0.0087  0.0091  0.0087  0.0087  0.0136  0.0087  0.0084  0.0098  0.0087  0.0084  0.0123  0.0089  0.0088  0.0092  0.0121  0.0087  0.0103  0.0090  0.0090  0.0096  0.0088  0.0090  0.0085  0.0088  0.0089  0.0087  0.0084  0.0088  0.0086  0.0099  0.0087  0.0125  0.0090  0.0087  0.0087  0.0089  0.0089  0.0089  0.0093  0.0087  0.0085  0.0086  0.0090  0.0090  0.0088  0.0087  0.0088  0.0087  0.0092  0.0114  0.0085  0.0092  0.0087  0.0088  0.0090  0.0087  0.0137  0.0087  0.0089  0.0086  0.0089  0.0089  0.0095  0.0088  0.0084  0.0129  0.0088  0.0090  0.0089
