encoder:
layer: 1
[0, 0, 5, 50, 1, 12, 1, 0, 1, 0, 1, 2, 1, 1, 0, 0, 6, 1, 0, 0, 0, 0, 0, 0, 12, 0, 0, 9, 0, 1, 0, 1, 0, 0, 0, 0, 1, 1, 1, 3, 0, 0, 0, 2, 2, 3, 1, 11, 0, 14, 1, 0, 1, 2, 2, 7, 1, 0, 0, 0, 3, 0, 0, 0, 0, 7, 5, 0, 0, 1, 1, 2, 0, 0, 0, 0, 0, 1, 1, 1, 0, 0, 0, 2, 1, 0, 1, 0, 2, 16, 0, 0, 1, 0, 4, 0, 0, 0, 0, 3, 3, 3, 0, 2, 0, 0, 0, 0, 0, 0, 0, 0, 0, 0, 13, 9, 0, 0, 0, 0, 1, 0, 7, 0, 0, 0, 7, 1]
layer: 3
[0, 0, 0, 0, 3, 0, 3, 6, 0, 0, 0, 6, 2, 0, 10, 2, 2, 2, 4, 4, 0, 1, 3, 2, 1, 3, 0, 2, 4, 0, 6, 2, 0, 1, 0, 6, 0, 1, 1, 0, 0, 0, 2, 0, 2, 0, 1, 5, 0, 1, 2, 0, 0, 0, 0, 2, 2, 0, 1, 0, 1, 7, 0, 0, 1, 3, 1, 5, 12, 0, 0, 0, 1, 2, 0, 1, 2, 2, 2, 0, 0, 0, 1, 0, 29, 0, 2, 3, 1, 1, 0, 2, 0, 4, 0, 0, 2, 1, 1, 3, 2, 1, 0, 1, 2, 4, 18, 0, 0, 4, 0, 4, 0, 0, 29, 1, 0, 0, 0, 3, 0, 0, 0, 0, 0, 0, 2, 0]
layer: 5
[5, 11, 1, 0, 0, 0, 1, 0, 0, 0, 0, 2, 1, 0, 4, 0, 0, 1, 10, 0, 0, 0, 0, 0, 1, 0, 0, 27, 0, 1, 11, 4, 7, 0, 0, 1, 0, 1, 11, 0, 0, 0, 0, 4, 0, 0, 0, 0, 0, 0, 5, 0, 0, 0, 1, 0, 0, 0, 0, 0, 0, 1, 0, 0, 0, 34, 0, 1, 0, 0, 0, 0, 2, 0, 0, 0, 12, 0, 8, 0, 0, 0, 0, 0, 2, 0, 0, 0, 0, 1, 0, 0, 0, 5, 0, 3, 0, 1, 0, 0, 5, 34, 0, 0, 0, 0, 17, 14, 0, 0, 0, 0, 1, 0, 0, 0, 0, 0, 1, 0, 0, 0, 0, 0, 0, 0, 0, 4]
layer: 7
[0, 0, 0, 0, 0, 1, 0, 0, 0, 0, 0, 0, 0, 25, 1, 1, 0, 2, 3, 0, 0, 0, 0, 0, 0, 0, 0, 1, 0, 0, 0, 0, 0, 0, 0, 0, 0, 0, 1, 0, 0, 0, 0, 0, 0, 0, 8, 0, 0, 0, 0, 1, 7, 2, 0, 0, 10, 0, 0, 0, 0, 0, 0, 0, 0, 0, 0, 0, 0, 0, 0, 3, 1, 1, 0, 16, 0, 0, 0, 0, 1, 0, 0, 0, 0, 0, 0, 1, 1, 0, 0, 0, 0, 0, 94, 0, 1, 0, 0, 8, 2, 0, 0, 1, 0, 12, 23, 0, 1, 0, 0, 0, 0, 17, 0, 1, 0, 2, 0, 4, 0, 0, 0, 0, 0, 0, 0, 3]
layer: 9
[0, 0, 0, 0, 0, 0, 0, 7, 0, 0, 0, 0, 1, 0, 0, 0, 0, 5, 0, 0, 0, 0, 0, 0, 0, 3, 11, 0, 0, 0, 0, 0, 0, 0, 0, 0, 0, 2, 1, 0, 0, 0, 1, 0, 0, 0, 0, 0, 0, 0, 0, 0, 0, 0, 0, 0, 3, 0, 0, 0, 1, 0, 1, 0, 0, 0, 0, 0, 0, 0, 0, 0, 183, 0, 0, 1, 15, 0, 0, 0, 0, 0, 0, 0, 2, 0, 0, 0, 0, 0, 3, 0, 0, 0, 2, 0, 0, 1, 0, 6, 0, 0, 0, 2, 0, 0, 0, 0, 1, 0, 0, 1, 0, 0, 3, 0, 0, 0, 0, 0, 0, 0, 0, 0, 0, 0, 0, 0]
layer: 11
[0, 1, 0, 0, 0, 0, 0, 0, 0, 0, 0, 1, 18, 0, 0, 0, 0, 2, 0, 1, 1, 0, 2, 0, 3, 0, 0, 0, 1, 0, 0, 0, 0, 0, 3, 0, 1, 0, 0, 18, 0, 1, 0, 0, 2, 0, 1, 0, 0, 0, 0, 0, 101, 0, 0, 0, 0, 0, 1, 2, 0, 0, 0, 1, 0, 0, 0, 0, 0, 0, 1, 0, 0, 0, 0, 0, 0, 0, 0, 0, 0, 0, 0, 0, 2, 0, 0, 0, 0, 0, 0, 0, 0, 0, 0, 0, 0, 0, 0, 2, 19, 49, 0, 0, 0, 1, 0, 0, 0, 4, 0, 6, 0, 2, 0, 0, 0, 0, 0, 3, 0, 0, 1, 3, 0, 0, 2, 0]
decoder:
layer: 1
[0, 0, 0, 0, 0, 15, 0, 0, 0, 0, 0, 0, 0, 0, 0, 0, 0, 0, 0, 0, 0, 0, 0, 0, 11, 0, 151, 0, 0, 0, 0, 0, 0, 0, 0, 0, 0, 0, 1, 0, 0, 0, 0, 0, 0, 0, 0, 0, 0, 0, 0, 0, 0, 0, 0, 0, 32, 0, 0, 0, 0, 0, 0, 0, 0, 0, 0, 0, 0, 0, 2, 0, 0, 0, 0, 1, 0, 0, 0, 2, 0, 0, 0, 0, 0, 0, 0, 0, 0, 0, 5, 0, 0, 0, 0, 0, 0, 0, 0, 3, 0, 0, 0, 0, 0, 0, 0, 0, 0, 0, 0, 0, 0, 0, 0, 0, 0, 2, 0, 0, 31, 0, 0, 0, 0, 0, 0, 0]
layer: 3
[0, 0, 0, 0, 0, 0, 0, 0, 0, 0, 0, 1, 0, 0, 0, 0, 0, 31, 0, 0, 0, 0, 0, 0, 0, 0, 0, 0, 0, 0, 0, 0, 0, 0, 0, 0, 0, 0, 0, 41, 0, 0, 0, 0, 0, 0, 0, 0, 0, 0, 0, 0, 0, 0, 3, 0, 0, 0, 0, 0, 0, 0, 0, 5, 0, 0, 0, 0, 0, 0, 1, 0, 0, 0, 0, 0, 0, 0, 0, 0, 0, 0, 0, 0, 0, 0, 0, 0, 0, 0, 0, 0, 0, 0, 0, 0, 0, 0, 0, 0, 0, 0, 0, 0, 0, 0, 0, 0, 0, 0, 0, 0, 0, 0, 0, 0, 0, 0, 0, 0, 0, 0, 0, 0, 0, 0, 174, 0]
layer: 5
[17, 0, 0, 0, 0, 0, 0, 0, 0, 0, 0, 0, 0, 0, 0, 0, 0, 0, 0, 0, 0, 0, 0, 0, 0, 0, 0, 0, 0, 0, 0, 0, 0, 0, 10, 0, 0, 0, 0, 0, 0, 1, 0, 0, 0, 0, 0, 0, 0, 0, 0, 0, 0, 0, 0, 0, 0, 0, 0, 0, 2, 0, 0, 0, 0, 0, 0, 10, 0, 0, 0, 0, 0, 0, 0, 0, 0, 0, 0, 51, 0, 0, 0, 0, 0, 0, 0, 1, 0, 0, 0, 0, 0, 0, 0, 0, 0, 0, 0, 0, 0, 0, 0, 0, 0, 0, 0, 0, 0, 0, 0, 0, 0, 0, 0, 0, 0, 0, 0, 0, 0, 0, 0, 0, 164, 0, 0, 0]
layer: 7
[0, 0, 0, 0, 0, 0, 0, 79, 0, 0, 1, 34, 0, 8, 3, 0, 0, 0, 0, 0, 0, 0, 0, 0, 0, 0, 0, 0, 0, 0, 0, 0, 0, 0, 0, 0, 0, 0, 12, 0, 0, 0, 0, 0, 0, 50, 0, 0, 0, 0, 0, 0, 0, 0, 0, 0, 0, 0, 0, 0, 0, 0, 1, 0, 0, 0, 0, 0, 0, 0, 0, 0, 0, 0, 0, 0, 0, 0, 0, 0, 0, 0, 0, 0, 0, 0, 0, 0, 0, 0, 0, 0, 0, 0, 0, 0, 0, 0, 0, 0, 0, 0, 0, 0, 0, 0, 0, 0, 0, 0, 0, 0, 0, 0, 0, 0, 0, 0, 0, 63, 0, 0, 0, 2, 0, 0, 3, 0]
layer: 9
[0, 0, 0, 0, 0, 0, 0, 0, 0, 31, 0, 0, 0, 0, 0, 0, 3, 0, 0, 173, 0, 0, 0, 0, 0, 0, 0, 0, 2, 0, 0, 0, 0, 0, 0, 0, 0, 0, 32, 0, 0, 0, 0, 0, 0, 0, 0, 0, 0, 0, 0, 0, 0, 0, 0, 0, 0, 0, 0, 0, 0, 0, 0, 0, 0, 0, 0, 0, 0, 0, 0, 0, 0, 0, 0, 0, 0, 0, 0, 0, 0, 0, 0, 0, 0, 0, 0, 0, 0, 1, 0, 0, 0, 0, 0, 0, 0, 0, 0, 0, 0, 0, 0, 0, 0, 0, 0, 0, 0, 2, 0, 0, 0, 0, 0, 5, 0, 0, 0, 0, 0, 3, 0, 4, 0, 0, 0, 0]
layer: 11
[0, 0, 1, 0, 40, 0, 1, 0, 0, 0, 0, 0, 1, 0, 0, 0, 0, 0, 0, 0, 0, 0, 0, 0, 5, 0, 0, 0, 0, 31, 0, 0, 0, 13, 0, 0, 0, 0, 0, 0, 9, 0, 0, 0, 0, 0, 0, 0, 0, 0, 0, 1, 2, 0, 0, 0, 0, 0, 0, 0, 0, 0, 0, 0, 0, 27, 0, 0, 0, 0, 0, 0, 0, 0, 0, 0, 0, 0, 0, 0, 0, 0, 0, 0, 0, 0, 0, 0, 0, 0, 0, 0, 7, 0, 0, 0, 0, 0, 0, 107, 0, 0, 5, 0, 3, 0, 0, 0, 0, 0, 0, 0, 0, 0, 2, 0, 0, 0, 0, 0, 0, 0, 0, 0, 0, 1, 0, 0]
