encoder:
layer: 1
[1, 4, 15, 253, 8, 55, 1, 5, 2, 0, 2, 6, 8, 6, 0, 0, 20, 6, 1, 0, 0, 3, 0, 4, 45, 2, 0, 30, 3, 6, 0, 4, 0, 0, 0, 0, 1, 4, 3, 3, 0, 0, 1, 8, 2, 7, 1, 62, 0, 72, 1, 3, 9, 4, 4, 21, 2, 0, 1, 1, 9, 0, 0, 0, 0, 20, 13, 2, 0, 1, 3, 11, 1, 0, 0, 0, 1, 1, 1, 5, 0, 0, 0, 4, 3, 0, 6, 0, 3, 36, 11, 2, 3, 0, 14, 1, 0, 0, 3, 13, 9, 6, 0, 13, 0, 0, 1, 0, 1, 0, 6, 0, 0, 0, 31, 25, 0, 0, 0, 1, 1, 0, 22, 1, 1, 0, 31, 8]
layer: 3
[7, 1, 0, 0, 5, 4, 6, 17, 2, 0, 0, 27, 7, 0, 57, 3, 4, 6, 11, 7, 0, 1, 8, 5, 4, 12, 0, 4, 10, 0, 19, 8, 0, 1, 1, 14, 1, 5, 1, 0, 1, 0, 3, 0, 6, 0, 2, 13, 0, 2, 6, 1, 0, 0, 0, 12, 13, 1, 9, 0, 9, 15, 2, 0, 10, 10, 4, 7, 70, 0, 1, 0, 1, 11, 0, 2, 10, 5, 4, 0, 0, 0, 16, 0, 75, 0, 4, 8, 5, 1, 2, 20, 1, 12, 5, 1, 10, 4, 1, 11, 16, 3, 0, 1, 2, 23, 122, 8, 0, 16, 1, 12, 0, 0, 106, 6, 0, 1, 0, 28, 1, 0, 7, 0, 0, 0, 6, 1]
layer: 5
[9, 38, 2, 0, 2, 0, 3, 3, 0, 0, 0, 11, 3, 1, 21, 0, 0, 5, 31, 0, 0, 0, 2, 0, 6, 0, 0, 120, 0, 7, 73, 16, 22, 0, 0, 3, 1, 1, 53, 0, 0, 0, 0, 29, 0, 0, 0, 0, 0, 0, 7, 0, 0, 0, 4, 0, 0, 1, 0, 0, 0, 12, 0, 4, 2, 102, 0, 2, 0, 1, 0, 1, 15, 0, 0, 0, 47, 0, 25, 0, 0, 5, 0, 0, 2, 0, 0, 2, 2, 6, 1, 0, 0, 16, 0, 14, 0, 2, 0, 0, 21, 132, 0, 0, 0, 0, 59, 40, 3, 5, 0, 0, 10, 0, 0, 0, 0, 0, 2, 1, 0, 1, 2, 0, 0, 0, 0, 13]
layer: 7
[0, 0, 0, 0, 2, 1, 0, 0, 0, 0, 0, 4, 0, 137, 8, 3, 0, 17, 9, 1, 7, 0, 0, 1, 0, 0, 0, 1, 0, 0, 1, 0, 0, 0, 7, 0, 0, 0, 2, 0, 0, 0, 5, 0, 0, 0, 29, 0, 3, 0, 0, 3, 61, 9, 0, 0, 31, 0, 0, 0, 0, 0, 1, 0, 0, 0, 3, 0, 0, 0, 0, 10, 13, 1, 0, 119, 0, 0, 0, 0, 1, 0, 0, 0, 0, 0, 1, 13, 1, 0, 0, 0, 0, 0, 220, 0, 1, 0, 1, 26, 4, 0, 0, 4, 0, 60, 89, 0, 3, 0, 0, 0, 0, 59, 0, 5, 0, 21, 0, 12, 0, 0, 0, 0, 1, 0, 0, 13]
layer: 9
[0, 0, 0, 0, 3, 0, 0, 19, 0, 0, 0, 0, 2, 0, 0, 1, 5, 9, 0, 0, 0, 0, 0, 0, 0, 5, 105, 1, 0, 1, 2, 0, 4, 2, 4, 0, 0, 8, 5, 0, 0, 0, 1, 0, 0, 0, 0, 0, 1, 0, 0, 0, 0, 0, 0, 0, 24, 1, 0, 0, 1, 0, 3, 0, 0, 0, 0, 0, 0, 0, 1, 0, 591, 0, 11, 4, 76, 1, 0, 1, 0, 2, 0, 3, 10, 0, 0, 1, 0, 0, 12, 2, 0, 0, 9, 0, 0, 7, 0, 32, 0, 11, 1, 7, 0, 0, 0, 0, 1, 0, 0, 5, 0, 0, 16, 0, 0, 0, 2, 0, 0, 8, 3, 0, 0, 0, 0, 0]
layer: 11
[0, 1, 0, 0, 0, 0, 1, 0, 0, 0, 0, 1, 86, 0, 0, 0, 0, 4, 1, 4, 1, 0, 2, 0, 7, 0, 0, 0, 2, 0, 0, 0, 0, 0, 7, 0, 1, 0, 1, 37, 0, 4, 0, 0, 4, 0, 2, 0, 0, 0, 1, 0, 500, 0, 0, 1, 0, 0, 2, 7, 0, 0, 0, 1, 0, 0, 0, 0, 0, 0, 9, 0, 0, 0, 0, 0, 0, 0, 0, 0, 0, 0, 0, 0, 6, 0, 0, 0, 0, 0, 0, 1, 0, 0, 0, 0, 0, 0, 0, 2, 27, 208, 0, 1, 0, 6, 0, 1, 1, 24, 0, 9, 0, 5, 0, 0, 0, 0, 0, 5, 0, 0, 8, 23, 0, 1, 9, 0]
decoder:
layer: 1
[0, 0, 0, 0, 0, 248, 0, 0, 0, 0, 0, 0, 0, 0, 0, 0, 0, 0, 0, 0, 0, 0, 0, 0, 11, 0, 336, 1, 0, 0, 0, 0, 0, 0, 0, 0, 0, 0, 4, 0, 0, 0, 0, 0, 0, 0, 0, 0, 0, 0, 0, 0, 0, 0, 0, 0, 172, 0, 0, 0, 0, 0, 0, 0, 0, 0, 0, 0, 0, 0, 2, 0, 23, 0, 0, 25, 0, 0, 0, 59, 0, 0, 0, 0, 0, 0, 0, 0, 0, 0, 13, 0, 0, 0, 0, 0, 0, 0, 0, 8, 0, 0, 0, 0, 0, 0, 0, 0, 0, 0, 0, 0, 74, 0, 0, 0, 0, 15, 0, 2, 31, 0, 0, 0, 0, 0, 0, 0]
layer: 3
[0, 0, 0, 0, 0, 0, 0, 0, 0, 0, 0, 1, 0, 0, 0, 0, 0, 467, 0, 0, 0, 0, 0, 0, 0, 0, 0, 0, 0, 1, 0, 0, 0, 0, 0, 0, 0, 0, 0, 200, 0, 0, 0, 0, 0, 0, 0, 11, 0, 0, 0, 95, 0, 0, 29, 0, 0, 0, 0, 0, 0, 0, 0, 8, 0, 0, 0, 0, 0, 0, 4, 0, 0, 0, 0, 0, 0, 0, 7, 0, 0, 0, 0, 0, 0, 0, 0, 0, 0, 0, 0, 0, 0, 0, 0, 0, 0, 0, 0, 0, 0, 0, 0, 0, 0, 0, 0, 0, 0, 0, 0, 0, 0, 0, 0, 0, 0, 1, 0, 0, 0, 0, 0, 0, 0, 0, 200, 0]
layer: 5
[102, 0, 0, 0, 0, 0, 0, 0, 0, 0, 0, 0, 0, 0, 0, 0, 0, 0, 0, 0, 0, 0, 0, 0, 0, 0, 0, 0, 0, 0, 0, 0, 0, 0, 10, 0, 0, 0, 0, 0, 0, 25, 83, 0, 0, 0, 0, 0, 0, 0, 0, 0, 0, 0, 0, 0, 0, 0, 0, 0, 84, 0, 0, 0, 0, 0, 0, 34, 0, 0, 0, 3, 0, 0, 0, 0, 0, 0, 0, 261, 0, 0, 0, 0, 0, 0, 0, 4, 0, 0, 0, 0, 0, 0, 0, 0, 0, 0, 0, 0, 0, 0, 0, 0, 0, 0, 0, 0, 0, 0, 0, 0, 0, 0, 0, 0, 0, 0, 0, 0, 0, 0, 0, 30, 388, 0, 0, 0]
layer: 7
[0, 0, 0, 0, 1, 0, 0, 177, 0, 0, 24, 35, 0, 8, 41, 0, 0, 0, 0, 0, 0, 0, 0, 0, 0, 0, 0, 0, 0, 0, 0, 0, 0, 0, 0, 0, 0, 0, 51, 0, 0, 0, 0, 0, 0, 212, 0, 0, 0, 0, 0, 0, 0, 0, 69, 0, 0, 0, 0, 0, 0, 0, 4, 0, 0, 1, 0, 0, 0, 0, 0, 0, 0, 0, 0, 0, 0, 0, 0, 0, 0, 0, 0, 1, 0, 0, 0, 0, 0, 0, 0, 0, 0, 0, 0, 0, 0, 0, 0, 0, 0, 0, 0, 0, 0, 0, 0, 0, 0, 0, 0, 0, 58, 0, 0, 0, 3, 0, 0, 329, 0, 0, 0, 2, 0, 0, 8, 0]
layer: 9
[0, 0, 0, 0, 0, 0, 0, 0, 0, 240, 0, 0, 0, 0, 0, 0, 9, 0, 6, 442, 0, 0, 0, 0, 0, 0, 0, 0, 145, 0, 0, 0, 0, 0, 0, 0, 0, 0, 102, 0, 0, 0, 0, 0, 0, 0, 61, 0, 0, 0, 0, 0, 0, 0, 0, 0, 0, 0, 0, 0, 0, 0, 0, 0, 0, 0, 0, 0, 0, 0, 0, 0, 0, 0, 0, 0, 0, 0, 0, 0, 0, 0, 0, 0, 0, 0, 1, 0, 0, 3, 0, 0, 0, 0, 0, 0, 0, 0, 0, 0, 0, 0, 0, 0, 0, 0, 0, 0, 0, 2, 0, 0, 0, 0, 0, 5, 0, 0, 0, 0, 0, 3, 0, 5, 0, 0, 0, 0]
layer: 11
[0, 0, 32, 0, 206, 0, 1, 0, 0, 0, 0, 0, 1, 0, 0, 0, 0, 0, 0, 0, 0, 0, 0, 0, 7, 0, 0, 0, 0, 43, 0, 0, 0, 432, 0, 0, 0, 1, 0, 0, 11, 0, 0, 0, 1, 0, 0, 0, 0, 0, 0, 3, 2, 0, 0, 0, 0, 0, 0, 0, 0, 0, 0, 0, 0, 27, 0, 0, 0, 0, 0, 0, 0, 0, 0, 0, 0, 0, 0, 0, 0, 0, 0, 0, 0, 0, 0, 0, 3, 0, 0, 0, 7, 0, 0, 0, 0, 0, 0, 144, 0, 0, 14, 0, 7, 0, 0, 0, 0, 0, 0, 0, 0, 0, 66, 0, 0, 0, 0, 0, 0, 0, 0, 0, 0, 6, 0, 10]
