encoder:
layer: 1
[1, 6, 27, 541, 14, 105, 3, 12, 7, 0, 5, 9, 13, 13, 0, 0, 35, 11, 3, 0, 0, 12, 0, 10, 100, 5, 1, 51, 5, 11, 0, 9, 0, 0, 0, 0, 5, 8, 7, 17, 1, 0, 1, 13, 4, 11, 4, 117, 0, 128, 2, 5, 21, 12, 7, 32, 3, 0, 3, 9, 19, 0, 0, 0, 0, 34, 20, 2, 0, 1, 9, 18, 2, 0, 0, 0, 1, 1, 4, 12, 1, 1, 0, 6, 4, 0, 16, 0, 8, 65, 20, 4, 11, 0, 26, 2, 0, 0, 11, 24, 19, 13, 0, 34, 0, 0, 1, 0, 2, 2, 14, 1, 0, 0, 59, 49, 0, 0, 0, 3, 3, 0, 36, 1, 2, 0, 57, 11]
layer: 3
[16, 3, 0, 0, 12, 12, 15, 28, 2, 0, 0, 43, 15, 0, 110, 11, 5, 13, 22, 13, 0, 2, 16, 8, 7, 30, 2, 6, 17, 1, 38, 14, 0, 2, 1, 28, 1, 6, 4, 0, 2, 0, 11, 0, 19, 0, 5, 29, 2, 2, 9, 4, 1, 1, 0, 23, 21, 3, 18, 0, 16, 29, 2, 0, 22, 20, 8, 13, 148, 0, 2, 0, 4, 20, 0, 2, 19, 11, 6, 1, 0, 0, 35, 0, 129, 0, 6, 17, 13, 5, 6, 39, 2, 32, 8, 5, 16, 11, 3, 15, 25, 4, 0, 3, 3, 56, 217, 15, 1, 30, 1, 35, 0, 3, 220, 14, 0, 4, 0, 63, 1, 0, 14, 0, 0, 0, 16, 5]
layer: 5
[13, 88, 2, 0, 3, 0, 8, 7, 0, 0, 0, 21, 7, 2, 37, 0, 0, 7, 52, 0, 0, 0, 4, 0, 8, 0, 0, 242, 0, 18, 148, 23, 43, 0, 1, 6, 3, 1, 113, 0, 0, 0, 0, 59, 0, 0, 0, 0, 0, 0, 15, 0, 0, 0, 8, 0, 0, 7, 0, 0, 0, 28, 0, 6, 3, 224, 0, 3, 0, 1, 0, 2, 32, 0, 0, 0, 101, 1, 38, 0, 0, 7, 0, 0, 7, 0, 3, 4, 5, 6, 4, 0, 0, 34, 0, 25, 0, 2, 0, 0, 39, 246, 0, 0, 0, 0, 103, 81, 6, 13, 0, 0, 31, 0, 0, 1, 1, 0, 3, 1, 0, 3, 2, 1, 0, 0, 0, 35]
layer: 7
[0, 0, 0, 0, 9, 1, 0, 0, 0, 0, 0, 8, 0, 302, 19, 4, 0, 27, 12, 4, 15, 0, 0, 1, 0, 0, 0, 4, 0, 0, 2, 0, 1, 0, 12, 0, 1, 0, 3, 0, 0, 0, 9, 0, 0, 0, 58, 0, 8, 0, 0, 4, 105, 16, 0, 0, 65, 1, 0, 0, 0, 2, 4, 0, 3, 0, 5, 0, 0, 0, 2, 24, 42, 3, 0, 241, 0, 0, 0, 0, 1, 0, 0, 0, 0, 0, 1, 19, 1, 0, 0, 0, 0, 0, 435, 1, 1, 0, 2, 57, 7, 0, 0, 5, 0, 100, 155, 0, 8, 0, 0, 0, 0, 132, 0, 8, 0, 38, 0, 22, 2, 0, 0, 0, 2, 0, 0, 34]
layer: 9
[0, 0, 0, 0, 3, 1, 0, 36, 0, 1, 0, 0, 7, 0, 0, 1, 18, 21, 0, 0, 0, 0, 0, 2, 1, 7, 165, 3, 0, 1, 4, 0, 5, 7, 11, 3, 0, 11, 8, 0, 0, 0, 1, 0, 0, 0, 0, 0, 5, 0, 0, 0, 0, 0, 0, 0, 44, 2, 0, 0, 1, 0, 4, 0, 0, 1, 0, 0, 3, 0, 4, 0, 1213, 0, 36, 8, 149, 1, 0, 2, 0, 5, 0, 4, 18, 0, 0, 5, 0, 1, 23, 3, 0, 1, 14, 1, 0, 13, 0, 57, 0, 18, 5, 9, 0, 0, 0, 0, 1, 0, 0, 14, 3, 0, 33, 0, 0, 0, 6, 0, 0, 16, 5, 0, 0, 0, 0, 3]
layer: 11
[0, 1, 0, 0, 0, 0, 6, 0, 0, 0, 0, 1, 257, 0, 0, 0, 0, 6, 2, 4, 1, 0, 2, 0, 11, 0, 0, 0, 4, 0, 0, 0, 0, 0, 9, 0, 1, 0, 1, 64, 0, 5, 0, 0, 5, 0, 3, 0, 0, 0, 3, 0, 975, 0, 0, 1, 0, 0, 5, 17, 0, 0, 0, 2, 0, 0, 1, 0, 0, 0, 15, 0, 0, 0, 0, 0, 0, 0, 0, 1, 1, 0, 0, 0, 7, 0, 0, 0, 0, 0, 0, 2, 0, 0, 0, 0, 0, 0, 0, 2, 56, 415, 0, 1, 0, 11, 0, 1, 1, 47, 0, 22, 0, 8, 0, 0, 0, 0, 0, 8, 0, 0, 11, 31, 0, 4, 17, 0]
decoder:
layer: 1
[0, 0, 0, 0, 0, 636, 0, 0, 0, 0, 0, 0, 0, 0, 0, 0, 0, 0, 0, 0, 0, 0, 0, 0, 11, 0, 520, 1, 0, 0, 0, 0, 0, 0, 0, 0, 0, 0, 8, 0, 0, 0, 0, 0, 0, 0, 0, 0, 0, 0, 0, 0, 0, 0, 0, 0, 393, 0, 0, 0, 0, 0, 0, 0, 0, 0, 0, 0, 0, 0, 2, 0, 57, 7, 0, 39, 10, 0, 0, 106, 0, 0, 0, 0, 0, 0, 0, 0, 0, 0, 29, 0, 0, 0, 0, 0, 0, 0, 0, 14, 0, 0, 0, 0, 0, 0, 0, 0, 0, 0, 0, 0, 163, 0, 0, 0, 0, 18, 0, 2, 32, 0, 0, 0, 0, 0, 0, 0]
layer: 3
[0, 0, 0, 0, 0, 0, 0, 0, 0, 0, 0, 1, 0, 0, 0, 0, 0, 996, 0, 0, 0, 0, 0, 0, 0, 0, 0, 0, 0, 35, 0, 0, 0, 0, 0, 0, 0, 0, 0, 367, 0, 0, 0, 0, 0, 0, 0, 43, 0, 0, 0, 144, 0, 6, 111, 0, 0, 0, 0, 0, 0, 0, 0, 9, 0, 0, 0, 0, 0, 0, 8, 0, 0, 0, 0, 0, 0, 0, 10, 0, 0, 0, 0, 0, 1, 0, 0, 0, 0, 0, 0, 0, 0, 0, 0, 0, 0, 0, 0, 0, 0, 0, 0, 0, 0, 0, 0, 0, 0, 0, 0, 0, 0, 0, 0, 0, 0, 1, 0, 0, 0, 0, 0, 0, 0, 0, 316, 0]
layer: 5
[347, 0, 0, 0, 0, 0, 0, 0, 0, 0, 0, 0, 0, 0, 0, 0, 0, 0, 0, 0, 0, 0, 0, 0, 0, 0, 0, 0, 0, 0, 0, 0, 0, 0, 9, 0, 0, 0, 0, 0, 0, 72, 162, 0, 0, 0, 0, 0, 0, 0, 0, 6, 0, 0, 0, 0, 0, 0, 0, 0, 140, 0, 0, 0, 0, 0, 0, 42, 0, 0, 0, 3, 0, 0, 0, 0, 0, 0, 0, 500, 0, 0, 0, 0, 0, 0, 0, 8, 0, 0, 5, 0, 0, 0, 0, 0, 0, 0, 0, 0, 0, 0, 0, 0, 0, 0, 0, 2, 0, 0, 0, 0, 0, 1, 0, 0, 0, 0, 0, 0, 0, 0, 0, 33, 718, 0, 0, 0]
layer: 7
[0, 4, 0, 0, 1, 0, 0, 325, 0, 0, 54, 41, 0, 8, 72, 0, 0, 0, 0, 0, 0, 0, 0, 0, 0, 0, 0, 0, 0, 0, 0, 0, 0, 0, 0, 0, 0, 0, 50, 0, 0, 0, 0, 0, 0, 514, 0, 0, 0, 0, 0, 0, 0, 0, 180, 0, 0, 0, 0, 0, 0, 0, 15, 0, 0, 3, 0, 0, 0, 0, 0, 0, 0, 0, 0, 0, 0, 0, 0, 0, 0, 0, 0, 3, 0, 0, 0, 0, 0, 0, 0, 0, 0, 0, 0, 0, 0, 0, 0, 0, 0, 0, 0, 0, 0, 0, 0, 0, 0, 0, 0, 0, 86, 0, 0, 0, 3, 0, 0, 676, 0, 0, 0, 2, 0, 0, 11, 0]
layer: 9
[0, 0, 0, 0, 0, 0, 0, 0, 0, 449, 0, 0, 0, 0, 0, 0, 12, 0, 6, 1012, 0, 0, 0, 1, 0, 0, 0, 0, 327, 0, 0, 0, 0, 0, 0, 0, 0, 0, 142, 0, 0, 0, 1, 1, 0, 0, 61, 0, 0, 0, 0, 0, 0, 0, 0, 0, 0, 0, 0, 0, 0, 0, 0, 0, 0, 0, 0, 0, 0, 0, 0, 0, 0, 0, 0, 0, 6, 0, 0, 0, 0, 0, 0, 0, 0, 0, 1, 0, 0, 6, 0, 0, 3, 0, 2, 0, 0, 0, 0, 0, 0, 0, 0, 0, 0, 0, 0, 1, 0, 2, 0, 0, 0, 0, 0, 6, 1, 0, 0, 0, 0, 3, 0, 5, 0, 0, 0, 0]
layer: 11
[0, 0, 187, 0, 431, 3, 2, 0, 0, 0, 0, 0, 1, 0, 0, 0, 0, 0, 0, 0, 0, 7, 0, 0, 7, 0, 0, 0, 0, 58, 0, 0, 0, 962, 0, 0, 0, 2, 0, 0, 13, 0, 0, 0, 1, 0, 0, 0, 0, 0, 0, 6, 2, 0, 0, 7, 0, 0, 0, 0, 0, 0, 0, 0, 0, 27, 0, 0, 0, 0, 0, 0, 0, 0, 0, 0, 0, 0, 0, 0, 0, 0, 0, 0, 0, 0, 0, 0, 5, 0, 0, 0, 7, 0, 0, 0, 0, 0, 0, 164, 0, 0, 15, 0, 17, 0, 0, 0, 0, 0, 0, 0, 0, 0, 96, 0, 0, 0, 0, 0, 0, 0, 0, 0, 0, 11, 0, 17]
