encoder:
layer: 1
[0, 1, 6, 115, 1, 23, 1, 0, 1, 0, 1, 4, 7, 3, 0, 0, 9, 3, 0, 0, 0, 1, 0, 2, 29, 1, 0, 20, 0, 4, 0, 1, 0, 0, 0, 0, 1, 2, 1, 3, 0, 0, 0, 4, 2, 5, 1, 23, 0, 33, 1, 2, 3, 2, 4, 12, 1, 0, 0, 1, 5, 0, 0, 0, 0, 13, 7, 1, 0, 1, 1, 7, 1, 0, 0, 0, 1, 1, 1, 4, 0, 0, 0, 4, 2, 0, 1, 0, 3, 19, 3, 0, 1, 0, 5, 1, 0, 0, 1, 6, 3, 4, 0, 7, 0, 0, 1, 0, 0, 0, 1, 0, 0, 0, 19, 17, 0, 0, 0, 1, 1, 0, 12, 0, 0, 0, 17, 6]
layer: 3
[1, 0, 0, 0, 4, 0, 4, 16, 1, 0, 0, 12, 5, 0, 21, 2, 3, 5, 6, 5, 0, 1, 5, 3, 2, 6, 0, 3, 5, 0, 10, 5, 0, 1, 1, 7, 0, 2, 1, 0, 1, 0, 2, 0, 2, 0, 1, 7, 0, 1, 2, 0, 0, 0, 0, 5, 2, 0, 5, 0, 5, 11, 0, 0, 7, 5, 2, 6, 29, 0, 0, 0, 1, 6, 0, 1, 5, 4, 2, 0, 0, 0, 7, 0, 48, 0, 3, 5, 1, 1, 0, 9, 0, 9, 3, 0, 7, 1, 1, 5, 8, 2, 0, 1, 2, 8, 53, 2, 0, 6, 0, 7, 0, 0, 57, 3, 0, 0, 0, 7, 0, 0, 3, 0, 0, 0, 4, 0]
layer: 5
[7, 19, 2, 0, 0, 0, 1, 1, 0, 0, 0, 5, 2, 1, 11, 0, 0, 1, 17, 0, 0, 0, 0, 0, 4, 0, 0, 54, 0, 4, 35, 6, 11, 0, 0, 2, 0, 1, 22, 0, 0, 0, 0, 10, 0, 0, 0, 0, 0, 0, 6, 0, 0, 0, 2, 0, 0, 0, 0, 0, 0, 4, 0, 1, 0, 64, 0, 1, 0, 0, 0, 0, 6, 0, 0, 0, 29, 0, 12, 0, 0, 0, 0, 0, 2, 0, 0, 1, 1, 2, 1, 0, 0, 8, 0, 7, 0, 1, 0, 0, 10, 68, 0, 0, 0, 0, 28, 23, 1, 1, 0, 0, 5, 0, 0, 0, 0, 0, 1, 1, 0, 0, 1, 0, 0, 0, 0, 9]
layer: 7
[0, 0, 0, 0, 0, 1, 0, 0, 0, 0, 0, 2, 0, 51, 3, 2, 0, 7, 3, 0, 2, 0, 0, 0, 0, 0, 0, 1, 0, 0, 0, 0, 0, 0, 2, 0, 0, 0, 1, 0, 0, 0, 1, 0, 0, 0, 15, 0, 2, 0, 0, 1, 31, 4, 0, 0, 19, 0, 0, 0, 0, 0, 0, 0, 0, 0, 1, 0, 0, 0, 0, 5, 4, 1, 0, 50, 0, 0, 0, 0, 1, 0, 0, 0, 0, 0, 1, 5, 1, 0, 0, 0, 0, 0, 142, 0, 1, 0, 1, 15, 2, 0, 0, 2, 0, 31, 51, 0, 1, 0, 0, 0, 0, 31, 0, 1, 0, 6, 0, 6, 0, 0, 0, 0, 0, 0, 0, 5]
layer: 9
[0, 0, 0, 0, 1, 0, 0, 8, 0, 0, 0, 0, 1, 0, 0, 0, 1, 6, 0, 0, 0, 0, 0, 0, 0, 5, 40, 0, 0, 0, 1, 0, 0, 1, 1, 0, 0, 2, 1, 0, 0, 0, 1, 0, 0, 0, 0, 0, 1, 0, 0, 0, 0, 0, 0, 0, 12, 0, 0, 0, 1, 0, 1, 0, 0, 0, 0, 0, 0, 0, 0, 0, 333, 0, 3, 2, 34, 1, 0, 1, 0, 1, 0, 1, 3, 0, 0, 0, 0, 0, 4, 1, 0, 0, 4, 0, 0, 2, 0, 12, 0, 3, 1, 4, 0, 0, 0, 0, 1, 0, 0, 2, 0, 0, 10, 0, 0, 0, 1, 0, 0, 2, 2, 0, 0, 0, 0, 0]
layer: 11
[0, 1, 0, 0, 0, 0, 1, 0, 0, 0, 0, 1, 48, 0, 0, 0, 0, 4, 1, 3, 1, 0, 2, 0, 5, 0, 0, 0, 1, 0, 0, 0, 0, 0, 4, 0, 1, 0, 1, 30, 0, 1, 0, 0, 2, 0, 2, 0, 0, 0, 1, 0, 232, 0, 0, 1, 0, 0, 1, 3, 0, 0, 0, 1, 0, 0, 0, 0, 0, 0, 4, 0, 0, 0, 0, 0, 0, 0, 0, 0, 0, 0, 0, 0, 2, 0, 0, 0, 0, 0, 0, 1, 0, 0, 0, 0, 0, 0, 0, 2, 20, 98, 0, 1, 0, 2, 0, 0, 0, 7, 0, 7, 0, 3, 0, 0, 0, 0, 0, 3, 0, 0, 2, 7, 0, 0, 5, 0]
decoder:
layer: 1
[0, 0, 0, 0, 0, 83, 0, 0, 0, 0, 0, 0, 0, 0, 0, 0, 0, 0, 0, 0, 0, 0, 0, 0, 11, 0, 229, 0, 0, 0, 0, 0, 0, 0, 0, 0, 0, 0, 2, 0, 0, 0, 0, 0, 0, 0, 0, 0, 0, 0, 0, 0, 0, 0, 0, 0, 90, 0, 0, 0, 0, 0, 0, 0, 0, 0, 0, 0, 0, 0, 2, 0, 18, 0, 0, 1, 0, 0, 0, 16, 0, 0, 0, 0, 0, 0, 0, 0, 0, 0, 5, 0, 0, 0, 0, 0, 0, 0, 0, 4, 0, 0, 0, 0, 0, 0, 0, 0, 0, 0, 0, 0, 18, 0, 0, 0, 0, 2, 0, 0, 31, 0, 0, 0, 0, 0, 0, 0]
layer: 3
[0, 0, 0, 0, 0, 0, 0, 0, 0, 0, 0, 1, 0, 0, 0, 0, 0, 182, 0, 0, 0, 0, 0, 0, 0, 0, 0, 0, 0, 1, 0, 0, 0, 0, 0, 0, 0, 0, 0, 68, 0, 0, 0, 0, 0, 0, 0, 10, 0, 0, 0, 55, 0, 0, 3, 0, 0, 0, 0, 0, 0, 0, 0, 5, 0, 0, 0, 0, 0, 0, 2, 0, 0, 0, 0, 0, 0, 0, 6, 0, 0, 0, 0, 0, 0, 0, 0, 0, 0, 0, 0, 0, 0, 0, 0, 0, 0, 0, 0, 0, 0, 0, 0, 0, 0, 0, 0, 0, 0, 0, 0, 0, 0, 0, 0, 0, 0, 1, 0, 0, 0, 0, 0, 0, 0, 0, 178, 0]
layer: 5
[37, 0, 0, 0, 0, 0, 0, 0, 0, 0, 0, 0, 0, 0, 0, 0, 0, 0, 0, 0, 0, 0, 0, 0, 0, 0, 0, 0, 0, 0, 0, 0, 0, 0, 9, 0, 0, 0, 0, 0, 0, 16, 21, 0, 0, 0, 0, 0, 0, 0, 0, 0, 0, 0, 0, 0, 0, 0, 0, 0, 18, 0, 0, 0, 0, 0, 0, 19, 0, 0, 0, 0, 0, 0, 0, 0, 0, 0, 0, 129, 0, 0, 0, 0, 0, 0, 0, 2, 0, 0, 0, 0, 0, 0, 0, 0, 0, 0, 0, 0, 0, 0, 0, 0, 0, 0, 0, 0, 0, 0, 0, 0, 0, 0, 0, 0, 0, 0, 0, 0, 0, 0, 0, 28, 233, 0, 0, 0]
layer: 7
[0, 0, 0, 0, 1, 0, 0, 133, 0, 0, 22, 34, 0, 8, 11, 0, 0, 0, 0, 0, 0, 0, 0, 0, 0, 0, 0, 0, 0, 0, 0, 0, 0, 0, 0, 0, 0, 0, 12, 0, 0, 0, 0, 0, 0, 113, 0, 0, 0, 0, 0, 0, 0, 0, 10, 0, 0, 0, 0, 0, 0, 0, 2, 0, 0, 1, 0, 0, 0, 0, 0, 0, 0, 0, 0, 0, 0, 0, 0, 0, 0, 0, 0, 0, 0, 0, 0, 0, 0, 0, 0, 0, 0, 0, 0, 0, 0, 0, 0, 0, 0, 0, 0, 0, 0, 0, 0, 0, 0, 0, 0, 0, 13, 0, 0, 0, 0, 0, 0, 147, 0, 0, 0, 2, 0, 0, 3, 0]
layer: 9
[0, 0, 0, 0, 0, 0, 0, 0, 0, 124, 0, 0, 0, 0, 0, 0, 6, 0, 6, 301, 0, 0, 0, 0, 0, 0, 0, 0, 25, 0, 0, 0, 0, 0, 0, 0, 0, 0, 32, 0, 0, 0, 0, 0, 0, 0, 2, 0, 0, 0, 0, 0, 0, 0, 0, 0, 0, 0, 0, 0, 0, 0, 0, 0, 0, 0, 0, 0, 0, 0, 0, 0, 0, 0, 0, 0, 0, 0, 0, 0, 0, 0, 0, 0, 0, 0, 1, 0, 0, 1, 0, 0, 0, 0, 0, 0, 0, 0, 0, 0, 0, 0, 0, 0, 0, 0, 0, 0, 0, 2, 0, 0, 0, 0, 0, 5, 0, 0, 0, 0, 0, 3, 0, 4, 0, 0, 0, 0]
layer: 11
[0, 0, 16, 0, 97, 0, 1, 0, 0, 0, 0, 0, 1, 0, 0, 0, 0, 0, 0, 0, 0, 0, 0, 0, 7, 0, 0, 0, 0, 31, 0, 0, 0, 154, 0, 0, 0, 0, 0, 0, 9, 0, 0, 0, 0, 0, 0, 0, 0, 0, 0, 2, 2, 0, 0, 0, 0, 0, 0, 0, 0, 0, 0, 0, 0, 27, 0, 0, 0, 0, 0, 0, 0, 0, 0, 0, 0, 0, 0, 0, 0, 0, 0, 0, 0, 0, 0, 0, 0, 0, 0, 0, 7, 0, 0, 0, 0, 0, 0, 120, 0, 0, 5, 0, 3, 0, 0, 0, 0, 0, 0, 0, 0, 0, 21, 0, 0, 0, 0, 0, 0, 0, 0, 0, 0, 4, 0, 5]
encoder:
layer: 1
[0, 1, 6, 115, 1, 23, 1, 0, 1, 0, 1, 4, 7, 3, 0, 0, 9, 3, 0, 0, 0, 1, 0, 2, 29, 1, 0, 20, 0, 4, 0, 1, 0, 0, 0, 0, 1, 2, 1, 3, 0, 0, 0, 4, 2, 5, 1, 23, 0, 33, 1, 2, 3, 2, 4, 12, 1, 0, 0, 1, 5, 0, 0, 0, 0, 13, 7, 1, 0, 1, 1, 7, 1, 0, 0, 0, 1, 1, 1, 4, 0, 0, 0, 4, 2, 0, 1, 0, 3, 19, 3, 0, 1, 0, 5, 1, 0, 0, 1, 6, 3, 4, 0, 7, 0, 0, 1, 0, 0, 0, 1, 0, 0, 0, 19, 17, 0, 0, 0, 1, 1, 0, 12, 0, 0, 0, 17, 6]
layer: 3
[1, 0, 0, 0, 4, 0, 4, 16, 1, 0, 0, 12, 5, 0, 21, 2, 3, 5, 6, 5, 0, 1, 5, 3, 2, 6, 0, 3, 5, 0, 10, 5, 0, 1, 1, 7, 0, 2, 1, 0, 1, 0, 2, 0, 2, 0, 1, 7, 0, 1, 2, 0, 0, 0, 0, 5, 2, 0, 5, 0, 5, 11, 0, 0, 7, 5, 2, 6, 29, 0, 0, 0, 1, 6, 0, 1, 5, 4, 2, 0, 0, 0, 7, 0, 48, 0, 3, 5, 1, 1, 0, 9, 0, 9, 3, 0, 7, 1, 1, 5, 8, 2, 0, 1, 2, 8, 53, 2, 0, 6, 0, 7, 0, 0, 57, 3, 0, 0, 0, 7, 0, 0, 3, 0, 0, 0, 4, 0]
layer: 5
[7, 19, 2, 0, 0, 0, 1, 1, 0, 0, 0, 5, 2, 1, 11, 0, 0, 1, 17, 0, 0, 0, 0, 0, 4, 0, 0, 54, 0, 4, 35, 6, 11, 0, 0, 2, 0, 1, 22, 0, 0, 0, 0, 10, 0, 0, 0, 0, 0, 0, 6, 0, 0, 0, 2, 0, 0, 0, 0, 0, 0, 4, 0, 1, 0, 64, 0, 1, 0, 0, 0, 0, 6, 0, 0, 0, 29, 0, 12, 0, 0, 0, 0, 0, 2, 0, 0, 1, 1, 2, 1, 0, 0, 8, 0, 7, 0, 1, 0, 0, 10, 68, 0, 0, 0, 0, 28, 23, 1, 1, 0, 0, 5, 0, 0, 0, 0, 0, 1, 1, 0, 0, 1, 0, 0, 0, 0, 9]
layer: 7
[0, 0, 0, 0, 0, 1, 0, 0, 0, 0, 0, 2, 0, 51, 3, 2, 0, 7, 3, 0, 2, 0, 0, 0, 0, 0, 0, 1, 0, 0, 0, 0, 0, 0, 2, 0, 0, 0, 1, 0, 0, 0, 1, 0, 0, 0, 15, 0, 2, 0, 0, 1, 31, 4, 0, 0, 19, 0, 0, 0, 0, 0, 0, 0, 0, 0, 1, 0, 0, 0, 0, 5, 4, 1, 0, 50, 0, 0, 0, 0, 1, 0, 0, 0, 0, 0, 1, 5, 1, 0, 0, 0, 0, 0, 142, 0, 1, 0, 1, 15, 2, 0, 0, 2, 0, 31, 51, 0, 1, 0, 0, 0, 0, 31, 0, 1, 0, 6, 0, 6, 0, 0, 0, 0, 0, 0, 0, 5]
layer: 9
[0, 0, 0, 0, 1, 0, 0, 8, 0, 0, 0, 0, 1, 0, 0, 0, 1, 6, 0, 0, 0, 0, 0, 0, 0, 5, 40, 0, 0, 0, 1, 0, 0, 1, 1, 0, 0, 2, 1, 0, 0, 0, 1, 0, 0, 0, 0, 0, 1, 0, 0, 0, 0, 0, 0, 0, 12, 0, 0, 0, 1, 0, 1, 0, 0, 0, 0, 0, 0, 0, 0, 0, 333, 0, 3, 2, 34, 1, 0, 1, 0, 1, 0, 1, 3, 0, 0, 0, 0, 0, 4, 1, 0, 0, 4, 0, 0, 2, 0, 12, 0, 3, 1, 4, 0, 0, 0, 0, 1, 0, 0, 2, 0, 0, 10, 0, 0, 0, 1, 0, 0, 2, 2, 0, 0, 0, 0, 0]
layer: 11
[0, 1, 0, 0, 0, 0, 1, 0, 0, 0, 0, 1, 48, 0, 0, 0, 0, 4, 1, 3, 1, 0, 2, 0, 5, 0, 0, 0, 1, 0, 0, 0, 0, 0, 4, 0, 1, 0, 1, 30, 0, 1, 0, 0, 2, 0, 2, 0, 0, 0, 1, 0, 232, 0, 0, 1, 0, 0, 1, 3, 0, 0, 0, 1, 0, 0, 0, 0, 0, 0, 4, 0, 0, 0, 0, 0, 0, 0, 0, 0, 0, 0, 0, 0, 2, 0, 0, 0, 0, 0, 0, 1, 0, 0, 0, 0, 0, 0, 0, 2, 20, 98, 0, 1, 0, 2, 0, 0, 0, 7, 0, 7, 0, 3, 0, 0, 0, 0, 0, 3, 0, 0, 2, 7, 0, 0, 5, 0]
decoder:
layer: 1
[0, 0, 0, 0, 0, 83, 0, 0, 0, 0, 0, 0, 0, 0, 0, 0, 0, 0, 0, 0, 0, 0, 0, 0, 11, 0, 229, 0, 0, 0, 0, 0, 0, 0, 0, 0, 0, 0, 2, 0, 0, 0, 0, 0, 0, 0, 0, 0, 0, 0, 0, 0, 0, 0, 0, 0, 90, 0, 0, 0, 0, 0, 0, 0, 0, 0, 0, 0, 0, 0, 2, 0, 18, 0, 0, 1, 0, 0, 0, 16, 0, 0, 0, 0, 0, 0, 0, 0, 0, 0, 5, 0, 0, 0, 0, 0, 0, 0, 0, 4, 0, 0, 0, 0, 0, 0, 0, 0, 0, 0, 0, 0, 18, 0, 0, 0, 0, 2, 0, 0, 31, 0, 0, 0, 0, 0, 0, 0]
layer: 3
[0, 0, 0, 0, 0, 0, 0, 0, 0, 0, 0, 1, 0, 0, 0, 0, 0, 182, 0, 0, 0, 0, 0, 0, 0, 0, 0, 0, 0, 1, 0, 0, 0, 0, 0, 0, 0, 0, 0, 68, 0, 0, 0, 0, 0, 0, 0, 10, 0, 0, 0, 55, 0, 0, 3, 0, 0, 0, 0, 0, 0, 0, 0, 5, 0, 0, 0, 0, 0, 0, 2, 0, 0, 0, 0, 0, 0, 0, 6, 0, 0, 0, 0, 0, 0, 0, 0, 0, 0, 0, 0, 0, 0, 0, 0, 0, 0, 0, 0, 0, 0, 0, 0, 0, 0, 0, 0, 0, 0, 0, 0, 0, 0, 0, 0, 0, 0, 1, 0, 0, 0, 0, 0, 0, 0, 0, 178, 0]
layer: 5
[37, 0, 0, 0, 0, 0, 0, 0, 0, 0, 0, 0, 0, 0, 0, 0, 0, 0, 0, 0, 0, 0, 0, 0, 0, 0, 0, 0, 0, 0, 0, 0, 0, 0, 9, 0, 0, 0, 0, 0, 0, 16, 21, 0, 0, 0, 0, 0, 0, 0, 0, 0, 0, 0, 0, 0, 0, 0, 0, 0, 18, 0, 0, 0, 0, 0, 0, 19, 0, 0, 0, 0, 0, 0, 0, 0, 0, 0, 0, 129, 0, 0, 0, 0, 0, 0, 0, 2, 0, 0, 0, 0, 0, 0, 0, 0, 0, 0, 0, 0, 0, 0, 0, 0, 0, 0, 0, 0, 0, 0, 0, 0, 0, 0, 0, 0, 0, 0, 0, 0, 0, 0, 0, 28, 233, 0, 0, 0]
layer: 7
[0, 0, 0, 0, 1, 0, 0, 133, 0, 0, 22, 34, 0, 8, 11, 0, 0, 0, 0, 0, 0, 0, 0, 0, 0, 0, 0, 0, 0, 0, 0, 0, 0, 0, 0, 0, 0, 0, 12, 0, 0, 0, 0, 0, 0, 113, 0, 0, 0, 0, 0, 0, 0, 0, 10, 0, 0, 0, 0, 0, 0, 0, 2, 0, 0, 1, 0, 0, 0, 0, 0, 0, 0, 0, 0, 0, 0, 0, 0, 0, 0, 0, 0, 0, 0, 0, 0, 0, 0, 0, 0, 0, 0, 0, 0, 0, 0, 0, 0, 0, 0, 0, 0, 0, 0, 0, 0, 0, 0, 0, 0, 0, 13, 0, 0, 0, 0, 0, 0, 147, 0, 0, 0, 2, 0, 0, 3, 0]
layer: 9
[0, 0, 0, 0, 0, 0, 0, 0, 0, 124, 0, 0, 0, 0, 0, 0, 6, 0, 6, 301, 0, 0, 0, 0, 0, 0, 0, 0, 25, 0, 0, 0, 0, 0, 0, 0, 0, 0, 32, 0, 0, 0, 0, 0, 0, 0, 2, 0, 0, 0, 0, 0, 0, 0, 0, 0, 0, 0, 0, 0, 0, 0, 0, 0, 0, 0, 0, 0, 0, 0, 0, 0, 0, 0, 0, 0, 0, 0, 0, 0, 0, 0, 0, 0, 0, 0, 1, 0, 0, 1, 0, 0, 0, 0, 0, 0, 0, 0, 0, 0, 0, 0, 0, 0, 0, 0, 0, 0, 0, 2, 0, 0, 0, 0, 0, 5, 0, 0, 0, 0, 0, 3, 0, 4, 0, 0, 0, 0]
layer: 11
[0, 0, 16, 0, 97, 0, 1, 0, 0, 0, 0, 0, 1, 0, 0, 0, 0, 0, 0, 0, 0, 0, 0, 0, 7, 0, 0, 0, 0, 31, 0, 0, 0, 154, 0, 0, 0, 0, 0, 0, 9, 0, 0, 0, 0, 0, 0, 0, 0, 0, 0, 2, 2, 0, 0, 0, 0, 0, 0, 0, 0, 0, 0, 0, 0, 27, 0, 0, 0, 0, 0, 0, 0, 0, 0, 0, 0, 0, 0, 0, 0, 0, 0, 0, 0, 0, 0, 0, 0, 0, 0, 0, 7, 0, 0, 0, 0, 0, 0, 120, 0, 0, 5, 0, 3, 0, 0, 0, 0, 0, 0, 0, 0, 0, 21, 0, 0, 0, 0, 0, 0, 0, 0, 0, 0, 4, 0, 5]
encoder:
layer: 1
[0, 1, 6, 115, 1, 23, 1, 0, 1, 0, 1, 4, 7, 3, 0, 0, 9, 3, 0, 0, 0, 1, 0, 2, 29, 1, 0, 20, 0, 4, 0, 1, 0, 0, 0, 0, 1, 2, 1, 3, 0, 0, 0, 4, 2, 5, 1, 23, 0, 33, 1, 2, 3, 2, 4, 12, 1, 0, 0, 1, 5, 0, 0, 0, 0, 13, 7, 1, 0, 1, 1, 7, 1, 0, 0, 0, 1, 1, 1, 4, 0, 0, 0, 4, 2, 0, 1, 0, 3, 19, 3, 0, 1, 0, 5, 1, 0, 0, 1, 6, 3, 4, 0, 7, 0, 0, 1, 0, 0, 0, 1, 0, 0, 0, 19, 17, 0, 0, 0, 1, 1, 0, 12, 0, 0, 0, 17, 6]
layer: 3
[1, 0, 0, 0, 4, 0, 4, 16, 1, 0, 0, 12, 5, 0, 21, 2, 3, 5, 6, 5, 0, 1, 5, 3, 2, 6, 0, 3, 5, 0, 10, 5, 0, 1, 1, 7, 0, 2, 1, 0, 1, 0, 2, 0, 2, 0, 1, 7, 0, 1, 2, 0, 0, 0, 0, 5, 2, 0, 5, 0, 5, 11, 0, 0, 7, 5, 2, 6, 29, 0, 0, 0, 1, 6, 0, 1, 5, 4, 2, 0, 0, 0, 7, 0, 48, 0, 3, 5, 1, 1, 0, 9, 0, 9, 3, 0, 7, 1, 1, 5, 8, 2, 0, 1, 2, 8, 53, 2, 0, 6, 0, 7, 0, 0, 57, 3, 0, 0, 0, 7, 0, 0, 3, 0, 0, 0, 4, 0]
layer: 5
[7, 19, 2, 0, 0, 0, 1, 1, 0, 0, 0, 5, 2, 1, 11, 0, 0, 1, 17, 0, 0, 0, 0, 0, 4, 0, 0, 54, 0, 4, 35, 6, 11, 0, 0, 2, 0, 1, 22, 0, 0, 0, 0, 10, 0, 0, 0, 0, 0, 0, 6, 0, 0, 0, 2, 0, 0, 0, 0, 0, 0, 4, 0, 1, 0, 64, 0, 1, 0, 0, 0, 0, 6, 0, 0, 0, 29, 0, 12, 0, 0, 0, 0, 0, 2, 0, 0, 1, 1, 2, 1, 0, 0, 8, 0, 7, 0, 1, 0, 0, 10, 68, 0, 0, 0, 0, 28, 23, 1, 1, 0, 0, 5, 0, 0, 0, 0, 0, 1, 1, 0, 0, 1, 0, 0, 0, 0, 9]
layer: 7
[0, 0, 0, 0, 0, 1, 0, 0, 0, 0, 0, 2, 0, 51, 3, 2, 0, 7, 3, 0, 2, 0, 0, 0, 0, 0, 0, 1, 0, 0, 0, 0, 0, 0, 2, 0, 0, 0, 1, 0, 0, 0, 1, 0, 0, 0, 15, 0, 2, 0, 0, 1, 31, 4, 0, 0, 19, 0, 0, 0, 0, 0, 0, 0, 0, 0, 1, 0, 0, 0, 0, 5, 4, 1, 0, 50, 0, 0, 0, 0, 1, 0, 0, 0, 0, 0, 1, 5, 1, 0, 0, 0, 0, 0, 142, 0, 1, 0, 1, 15, 2, 0, 0, 2, 0, 31, 51, 0, 1, 0, 0, 0, 0, 31, 0, 1, 0, 6, 0, 6, 0, 0, 0, 0, 0, 0, 0, 5]
layer: 9
[0, 0, 0, 0, 1, 0, 0, 8, 0, 0, 0, 0, 1, 0, 0, 0, 1, 6, 0, 0, 0, 0, 0, 0, 0, 5, 40, 0, 0, 0, 1, 0, 0, 1, 1, 0, 0, 2, 1, 0, 0, 0, 1, 0, 0, 0, 0, 0, 1, 0, 0, 0, 0, 0, 0, 0, 12, 0, 0, 0, 1, 0, 1, 0, 0, 0, 0, 0, 0, 0, 0, 0, 333, 0, 3, 2, 34, 1, 0, 1, 0, 1, 0, 1, 3, 0, 0, 0, 0, 0, 4, 1, 0, 0, 4, 0, 0, 2, 0, 12, 0, 3, 1, 4, 0, 0, 0, 0, 1, 0, 0, 2, 0, 0, 10, 0, 0, 0, 1, 0, 0, 2, 2, 0, 0, 0, 0, 0]
layer: 11
[0, 1, 0, 0, 0, 0, 1, 0, 0, 0, 0, 1, 48, 0, 0, 0, 0, 4, 1, 3, 1, 0, 2, 0, 5, 0, 0, 0, 1, 0, 0, 0, 0, 0, 4, 0, 1, 0, 1, 30, 0, 1, 0, 0, 2, 0, 2, 0, 0, 0, 1, 0, 232, 0, 0, 1, 0, 0, 1, 3, 0, 0, 0, 1, 0, 0, 0, 0, 0, 0, 4, 0, 0, 0, 0, 0, 0, 0, 0, 0, 0, 0, 0, 0, 2, 0, 0, 0, 0, 0, 0, 1, 0, 0, 0, 0, 0, 0, 0, 2, 20, 98, 0, 1, 0, 2, 0, 0, 0, 7, 0, 7, 0, 3, 0, 0, 0, 0, 0, 3, 0, 0, 2, 7, 0, 0, 5, 0]
decoder:
layer: 1
[0, 0, 0, 0, 0, 83, 0, 0, 0, 0, 0, 0, 0, 0, 0, 0, 0, 0, 0, 0, 0, 0, 0, 0, 11, 0, 229, 0, 0, 0, 0, 0, 0, 0, 0, 0, 0, 0, 2, 0, 0, 0, 0, 0, 0, 0, 0, 0, 0, 0, 0, 0, 0, 0, 0, 0, 90, 0, 0, 0, 0, 0, 0, 0, 0, 0, 0, 0, 0, 0, 2, 0, 18, 0, 0, 1, 0, 0, 0, 16, 0, 0, 0, 0, 0, 0, 0, 0, 0, 0, 5, 0, 0, 0, 0, 0, 0, 0, 0, 4, 0, 0, 0, 0, 0, 0, 0, 0, 0, 0, 0, 0, 18, 0, 0, 0, 0, 2, 0, 0, 31, 0, 0, 0, 0, 0, 0, 0]
layer: 3
[0, 0, 0, 0, 0, 0, 0, 0, 0, 0, 0, 1, 0, 0, 0, 0, 0, 182, 0, 0, 0, 0, 0, 0, 0, 0, 0, 0, 0, 1, 0, 0, 0, 0, 0, 0, 0, 0, 0, 68, 0, 0, 0, 0, 0, 0, 0, 10, 0, 0, 0, 55, 0, 0, 3, 0, 0, 0, 0, 0, 0, 0, 0, 5, 0, 0, 0, 0, 0, 0, 2, 0, 0, 0, 0, 0, 0, 0, 6, 0, 0, 0, 0, 0, 0, 0, 0, 0, 0, 0, 0, 0, 0, 0, 0, 0, 0, 0, 0, 0, 0, 0, 0, 0, 0, 0, 0, 0, 0, 0, 0, 0, 0, 0, 0, 0, 0, 1, 0, 0, 0, 0, 0, 0, 0, 0, 178, 0]
layer: 5
[37, 0, 0, 0, 0, 0, 0, 0, 0, 0, 0, 0, 0, 0, 0, 0, 0, 0, 0, 0, 0, 0, 0, 0, 0, 0, 0, 0, 0, 0, 0, 0, 0, 0, 9, 0, 0, 0, 0, 0, 0, 16, 21, 0, 0, 0, 0, 0, 0, 0, 0, 0, 0, 0, 0, 0, 0, 0, 0, 0, 18, 0, 0, 0, 0, 0, 0, 19, 0, 0, 0, 0, 0, 0, 0, 0, 0, 0, 0, 129, 0, 0, 0, 0, 0, 0, 0, 2, 0, 0, 0, 0, 0, 0, 0, 0, 0, 0, 0, 0, 0, 0, 0, 0, 0, 0, 0, 0, 0, 0, 0, 0, 0, 0, 0, 0, 0, 0, 0, 0, 0, 0, 0, 28, 233, 0, 0, 0]
layer: 7
[0, 0, 0, 0, 1, 0, 0, 133, 0, 0, 22, 34, 0, 8, 11, 0, 0, 0, 0, 0, 0, 0, 0, 0, 0, 0, 0, 0, 0, 0, 0, 0, 0, 0, 0, 0, 0, 0, 12, 0, 0, 0, 0, 0, 0, 113, 0, 0, 0, 0, 0, 0, 0, 0, 10, 0, 0, 0, 0, 0, 0, 0, 2, 0, 0, 1, 0, 0, 0, 0, 0, 0, 0, 0, 0, 0, 0, 0, 0, 0, 0, 0, 0, 0, 0, 0, 0, 0, 0, 0, 0, 0, 0, 0, 0, 0, 0, 0, 0, 0, 0, 0, 0, 0, 0, 0, 0, 0, 0, 0, 0, 0, 13, 0, 0, 0, 0, 0, 0, 147, 0, 0, 0, 2, 0, 0, 3, 0]
layer: 9
[0, 0, 0, 0, 0, 0, 0, 0, 0, 124, 0, 0, 0, 0, 0, 0, 6, 0, 6, 301, 0, 0, 0, 0, 0, 0, 0, 0, 25, 0, 0, 0, 0, 0, 0, 0, 0, 0, 32, 0, 0, 0, 0, 0, 0, 0, 2, 0, 0, 0, 0, 0, 0, 0, 0, 0, 0, 0, 0, 0, 0, 0, 0, 0, 0, 0, 0, 0, 0, 0, 0, 0, 0, 0, 0, 0, 0, 0, 0, 0, 0, 0, 0, 0, 0, 0, 1, 0, 0, 1, 0, 0, 0, 0, 0, 0, 0, 0, 0, 0, 0, 0, 0, 0, 0, 0, 0, 0, 0, 2, 0, 0, 0, 0, 0, 5, 0, 0, 0, 0, 0, 3, 0, 4, 0, 0, 0, 0]
layer: 11
[0, 0, 16, 0, 97, 0, 1, 0, 0, 0, 0, 0, 1, 0, 0, 0, 0, 0, 0, 0, 0, 0, 0, 0, 7, 0, 0, 0, 0, 31, 0, 0, 0, 154, 0, 0, 0, 0, 0, 0, 9, 0, 0, 0, 0, 0, 0, 0, 0, 0, 0, 2, 2, 0, 0, 0, 0, 0, 0, 0, 0, 0, 0, 0, 0, 27, 0, 0, 0, 0, 0, 0, 0, 0, 0, 0, 0, 0, 0, 0, 0, 0, 0, 0, 0, 0, 0, 0, 0, 0, 0, 0, 7, 0, 0, 0, 0, 0, 0, 120, 0, 0, 5, 0, 3, 0, 0, 0, 0, 0, 0, 0, 0, 0, 21, 0, 0, 0, 0, 0, 0, 0, 0, 0, 0, 4, 0, 5]
