encoder:
layer: 1
[1, 17, 72, 1064, 34, 200, 11, 25, 11, 0, 9, 18, 22, 23, 0, 0, 71, 17, 4, 0, 0, 20, 0, 31, 171, 8, 2, 104, 9, 22, 0, 18, 0, 0, 0, 0, 7, 16, 11, 36, 1, 0, 3, 31, 16, 17, 7, 240, 0, 257, 2, 9, 36, 22, 11, 67, 9, 0, 10, 21, 35, 1, 0, 0, 0, 65, 37, 2, 0, 5, 16, 37, 5, 0, 0, 0, 4, 3, 5, 27, 1, 4, 0, 9, 11, 0, 27, 0, 13, 127, 38, 6, 23, 0, 49, 6, 0, 0, 17, 44, 42, 26, 2, 64, 0, 0, 1, 2, 3, 6, 32, 4, 1, 0, 109, 115, 0, 0, 0, 7, 8, 1, 80, 3, 5, 0, 126, 29]
layer: 3
[27, 5, 0, 0, 18, 24, 23, 64, 2, 0, 1, 89, 20, 0, 213, 23, 9, 24, 56, 25, 0, 5, 30, 12, 16, 55, 8, 10, 30, 3, 70, 29, 0, 2, 4, 61, 2, 20, 6, 2, 3, 0, 20, 0, 32, 0, 8, 59, 3, 5, 17, 13, 8, 5, 0, 50, 47, 4, 45, 0, 33, 41, 5, 0, 50, 43, 16, 21, 288, 0, 4, 0, 10, 33, 0, 5, 46, 20, 13, 1, 0, 1, 52, 1, 264, 0, 16, 32, 30, 9, 12, 85, 2, 53, 15, 10, 33, 29, 4, 32, 57, 7, 0, 10, 11, 114, 434, 36, 1, 64, 1, 63, 1, 5, 436, 34, 0, 8, 0, 111, 2, 0, 29, 0, 0, 5, 39, 12]
layer: 5
[22, 181, 4, 0, 8, 0, 19, 13, 0, 0, 1, 41, 15, 7, 66, 1, 0, 15, 96, 0, 0, 0, 6, 0, 17, 0, 0, 523, 0, 44, 298, 36, 78, 0, 1, 14, 6, 1, 208, 0, 3, 0, 0, 119, 0, 0, 0, 0, 4, 0, 49, 0, 1, 0, 16, 0, 0, 16, 0, 0, 0, 49, 2, 9, 3, 442, 0, 6, 0, 2, 0, 2, 61, 0, 1, 0, 199, 1, 92, 0, 0, 16, 0, 1, 10, 1, 8, 8, 12, 16, 7, 2, 0, 61, 0, 42, 1, 5, 0, 0, 76, 485, 0, 0, 0, 0, 191, 166, 10, 19, 0, 0, 70, 0, 0, 2, 3, 0, 7, 3, 0, 7, 2, 3, 0, 0, 0, 64]
layer: 7
[0, 0, 0, 0, 19, 1, 0, 3, 0, 0, 1, 20, 0, 706, 38, 8, 0, 51, 21, 6, 33, 0, 0, 5, 1, 0, 0, 7, 0, 0, 3, 0, 2, 0, 23, 0, 1, 0, 4, 0, 0, 0, 28, 0, 0, 0, 140, 0, 23, 0, 0, 5, 186, 32, 0, 0, 108, 1, 0, 0, 1, 3, 6, 0, 5, 1, 13, 0, 0, 0, 2, 59, 74, 3, 0, 486, 0, 1, 0, 0, 1, 0, 0, 0, 0, 0, 2, 55, 1, 0, 0, 0, 0, 0, 859, 4, 2, 1, 5, 105, 11, 0, 0, 9, 0, 147, 301, 0, 12, 0, 1, 0, 0, 228, 0, 14, 0, 85, 0, 51, 5, 0, 0, 0, 5, 0, 0, 62]
layer: 9
[0, 0, 0, 0, 7, 1, 0, 68, 0, 1, 1, 2, 11, 0, 0, 1, 31, 49, 0, 0, 1, 0, 0, 2, 2, 12, 264, 4, 0, 1, 5, 0, 5, 12, 16, 3, 0, 21, 10, 0, 0, 0, 2, 0, 0, 0, 0, 0, 6, 0, 0, 0, 0, 0, 0, 1, 69, 5, 0, 0, 1, 0, 5, 0, 0, 4, 0, 0, 5, 0, 5, 0, 2676, 2, 55, 16, 240, 1, 0, 2, 0, 7, 1, 9, 23, 0, 0, 5, 0, 2, 42, 4, 1, 3, 17, 1, 0, 20, 0, 111, 0, 32, 7, 17, 0, 0, 0, 0, 1, 0, 0, 34, 15, 1, 56, 2, 0, 2, 7, 3, 2, 24, 8, 0, 0, 0, 1, 13]
layer: 11
[0, 1, 0, 0, 0, 0, 11, 0, 0, 0, 0, 1, 554, 0, 0, 0, 0, 7, 10, 6, 3, 0, 6, 0, 15, 0, 0, 0, 9, 0, 0, 0, 0, 0, 15, 0, 1, 0, 1, 185, 0, 9, 0, 0, 7, 1, 6, 0, 0, 0, 10, 0, 1871, 0, 0, 2, 2, 0, 13, 42, 0, 0, 0, 4, 0, 0, 1, 0, 0, 0, 31, 0, 0, 0, 0, 0, 0, 0, 0, 3, 3, 0, 0, 0, 16, 0, 0, 0, 0, 0, 0, 2, 0, 0, 0, 0, 1, 0, 0, 2, 80, 820, 0, 2, 0, 24, 0, 1, 1, 88, 0, 65, 0, 10, 0, 0, 0, 0, 0, 22, 0, 1, 18, 73, 0, 7, 33, 0]
decoder:
layer: 1
[0, 0, 0, 0, 0, 1011, 0, 0, 0, 0, 0, 0, 0, 0, 0, 0, 0, 0, 0, 0, 0, 0, 0, 0, 11, 0, 1139, 1, 0, 0, 0, 0, 0, 0, 0, 0, 0, 0, 16, 0, 0, 0, 0, 0, 0, 0, 0, 0, 0, 0, 0, 0, 0, 1, 0, 0, 948, 0, 0, 0, 0, 0, 0, 0, 0, 0, 0, 0, 0, 0, 6, 0, 114, 35, 0, 65, 10, 2, 0, 191, 0, 0, 0, 0, 0, 0, 0, 0, 0, 0, 55, 0, 0, 0, 0, 0, 0, 0, 0, 36, 0, 0, 0, 0, 0, 0, 0, 0, 0, 0, 0, 0, 396, 0, 0, 2, 4, 19, 0, 2, 32, 0, 0, 0, 0, 0, 0, 0]
layer: 3
[0, 0, 0, 0, 0, 0, 0, 0, 0, 0, 0, 1, 0, 0, 0, 0, 0, 2094, 0, 0, 0, 0, 0, 0, 0, 0, 0, 0, 0, 94, 0, 0, 0, 0, 0, 0, 0, 0, 0, 839, 0, 0, 0, 0, 0, 0, 0, 80, 0, 0, 0, 142, 0, 35, 173, 0, 0, 0, 0, 0, 0, 0, 0, 13, 0, 0, 0, 0, 0, 0, 16, 0, 0, 0, 0, 0, 0, 0, 16, 0, 0, 0, 0, 0, 2, 0, 0, 0, 0, 0, 0, 0, 0, 0, 0, 0, 0, 0, 0, 0, 0, 0, 2, 0, 0, 0, 0, 0, 0, 0, 0, 0, 0, 0, 0, 0, 0, 1, 0, 0, 0, 0, 0, 0, 0, 0, 587, 1]
layer: 5
[553, 0, 0, 0, 0, 0, 0, 0, 10, 0, 0, 0, 0, 0, 0, 4, 0, 0, 0, 0, 0, 0, 0, 0, 0, 0, 0, 0, 0, 0, 0, 0, 0, 0, 10, 0, 0, 0, 0, 0, 0, 93, 379, 0, 0, 0, 0, 0, 0, 0, 0, 6, 0, 0, 0, 0, 0, 0, 0, 0, 297, 0, 0, 0, 0, 0, 0, 63, 0, 0, 0, 5, 0, 0, 115, 1, 0, 0, 0, 1004, 0, 0, 0, 0, 0, 0, 0, 16, 0, 0, 31, 0, 0, 0, 1, 0, 0, 0, 2, 0, 0, 0, 0, 0, 0, 0, 0, 4, 0, 0, 0, 0, 0, 4, 0, 0, 0, 0, 0, 0, 0, 0, 0, 58, 1440, 0, 0, 0]
layer: 7
[0, 4, 0, 0, 3, 0, 0, 848, 0, 0, 71, 44, 0, 8, 149, 0, 0, 0, 0, 0, 0, 0, 0, 0, 2, 0, 0, 0, 0, 1, 0, 0, 0, 0, 0, 0, 0, 0, 51, 0, 0, 0, 0, 1, 0, 999, 0, 0, 0, 0, 0, 0, 0, 0, 429, 0, 0, 0, 0, 0, 0, 0, 51, 0, 0, 91, 0, 0, 0, 0, 0, 0, 0, 0, 0, 0, 0, 0, 0, 0, 0, 0, 0, 27, 0, 0, 0, 0, 0, 0, 0, 0, 0, 0, 0, 0, 0, 0, 0, 0, 0, 0, 0, 0, 0, 0, 0, 0, 0, 0, 0, 0, 123, 0, 0, 0, 11, 0, 0, 1151, 0, 0, 2, 6, 0, 0, 24, 0]
layer: 9
[0, 0, 0, 0, 0, 0, 0, 0, 0, 766, 0, 0, 0, 0, 0, 0, 84, 0, 6, 1951, 0, 0, 0, 1, 0, 0, 0, 0, 606, 0, 0, 0, 0, 0, 0, 0, 0, 0, 331, 2, 0, 0, 5, 1, 0, 0, 203, 0, 0, 0, 0, 0, 0, 0, 0, 0, 0, 3, 0, 0, 0, 0, 0, 0, 0, 0, 0, 0, 0, 0, 0, 0, 0, 0, 0, 0, 7, 0, 0, 0, 0, 0, 0, 0, 0, 0, 3, 26, 0, 12, 0, 0, 6, 0, 2, 0, 0, 0, 1, 0, 0, 0, 0, 0, 0, 0, 0, 4, 0, 5, 0, 0, 0, 0, 0, 6, 28, 0, 0, 0, 0, 31, 0, 5, 0, 0, 1, 0]
layer: 11
[0, 0, 314, 0, 945, 3, 17, 0, 0, 0, 0, 3, 1, 0, 0, 0, 65, 0, 0, 0, 0, 38, 0, 0, 7, 0, 0, 0, 0, 83, 0, 0, 0, 1646, 6, 0, 0, 2, 0, 0, 56, 0, 0, 0, 10, 0, 0, 0, 0, 0, 0, 14, 6, 0, 0, 28, 0, 0, 0, 0, 0, 0, 0, 0, 0, 29, 0, 0, 0, 0, 0, 0, 0, 0, 0, 0, 0, 0, 0, 0, 0, 0, 0, 0, 0, 0, 0, 0, 5, 0, 0, 0, 19, 0, 0, 0, 0, 0, 0, 388, 0, 0, 51, 0, 61, 0, 0, 0, 0, 0, 1, 0, 0, 0, 234, 0, 0, 0, 0, 2, 0, 0, 0, 0, 0, 42, 0, 20]
encoder:
layer: 1
[1, 17, 72, 1064, 34, 200, 11, 25, 11, 0, 9, 18, 22, 23, 0, 0, 71, 17, 4, 0, 0, 20, 0, 31, 171, 8, 2, 104, 9, 22, 0, 18, 0, 0, 0, 0, 7, 16, 11, 36, 1, 0, 3, 31, 16, 17, 7, 240, 0, 257, 2, 9, 36, 22, 11, 67, 9, 0, 10, 21, 35, 1, 0, 0, 0, 65, 37, 2, 0, 5, 16, 37, 5, 0, 0, 0, 4, 3, 5, 27, 1, 4, 0, 9, 11, 0, 27, 0, 13, 127, 38, 6, 23, 0, 49, 6, 0, 0, 17, 44, 42, 26, 2, 64, 0, 0, 1, 2, 3, 6, 32, 4, 1, 0, 109, 115, 0, 0, 0, 7, 8, 1, 80, 3, 5, 0, 126, 29]
layer: 3
[27, 5, 0, 0, 18, 24, 23, 64, 2, 0, 1, 89, 20, 0, 213, 23, 9, 24, 56, 25, 0, 5, 30, 12, 16, 55, 8, 10, 30, 3, 70, 29, 0, 2, 4, 61, 2, 20, 6, 2, 3, 0, 20, 0, 32, 0, 8, 59, 3, 5, 17, 13, 8, 5, 0, 50, 47, 4, 45, 0, 33, 41, 5, 0, 50, 43, 16, 21, 288, 0, 4, 0, 10, 33, 0, 5, 46, 20, 13, 1, 0, 1, 52, 1, 264, 0, 16, 32, 30, 9, 12, 85, 2, 53, 15, 10, 33, 29, 4, 32, 57, 7, 0, 10, 11, 114, 434, 36, 1, 64, 1, 63, 1, 5, 436, 34, 0, 8, 0, 111, 2, 0, 29, 0, 0, 5, 39, 12]
layer: 5
[22, 181, 4, 0, 8, 0, 19, 13, 0, 0, 1, 41, 15, 7, 66, 1, 0, 15, 96, 0, 0, 0, 6, 0, 17, 0, 0, 523, 0, 44, 298, 36, 78, 0, 1, 14, 6, 1, 208, 0, 3, 0, 0, 119, 0, 0, 0, 0, 4, 0, 49, 0, 1, 0, 16, 0, 0, 16, 0, 0, 0, 49, 2, 9, 3, 442, 0, 6, 0, 2, 0, 2, 61, 0, 1, 0, 199, 1, 92, 0, 0, 16, 0, 1, 10, 1, 8, 8, 12, 16, 7, 2, 0, 61, 0, 42, 1, 5, 0, 0, 76, 485, 0, 0, 0, 0, 191, 166, 10, 19, 0, 0, 70, 0, 0, 2, 3, 0, 7, 3, 0, 7, 2, 3, 0, 0, 0, 64]
layer: 7
[0, 0, 0, 0, 19, 1, 0, 3, 0, 0, 1, 20, 0, 706, 38, 8, 0, 51, 21, 6, 33, 0, 0, 5, 1, 0, 0, 7, 0, 0, 3, 0, 2, 0, 23, 0, 1, 0, 4, 0, 0, 0, 28, 0, 0, 0, 140, 0, 23, 0, 0, 5, 186, 32, 0, 0, 108, 1, 0, 0, 1, 3, 6, 0, 5, 1, 13, 0, 0, 0, 2, 59, 74, 3, 0, 486, 0, 1, 0, 0, 1, 0, 0, 0, 0, 0, 2, 55, 1, 0, 0, 0, 0, 0, 859, 4, 2, 1, 5, 105, 11, 0, 0, 9, 0, 147, 301, 0, 12, 0, 1, 0, 0, 228, 0, 14, 0, 85, 0, 51, 5, 0, 0, 0, 5, 0, 0, 62]
layer: 9
[0, 0, 0, 0, 7, 1, 0, 68, 0, 1, 1, 2, 11, 0, 0, 1, 31, 49, 0, 0, 1, 0, 0, 2, 2, 12, 264, 4, 0, 1, 5, 0, 5, 12, 16, 3, 0, 21, 10, 0, 0, 0, 2, 0, 0, 0, 0, 0, 6, 0, 0, 0, 0, 0, 0, 1, 69, 5, 0, 0, 1, 0, 5, 0, 0, 4, 0, 0, 5, 0, 5, 0, 2676, 2, 55, 16, 240, 1, 0, 2, 0, 7, 1, 9, 23, 0, 0, 5, 0, 2, 42, 4, 1, 3, 17, 1, 0, 20, 0, 111, 0, 32, 7, 17, 0, 0, 0, 0, 1, 0, 0, 34, 15, 1, 56, 2, 0, 2, 7, 3, 2, 24, 8, 0, 0, 0, 1, 13]
layer: 11
[0, 1, 0, 0, 0, 0, 11, 0, 0, 0, 0, 1, 554, 0, 0, 0, 0, 7, 10, 6, 3, 0, 6, 0, 15, 0, 0, 0, 9, 0, 0, 0, 0, 0, 15, 0, 1, 0, 1, 185, 0, 9, 0, 0, 7, 1, 6, 0, 0, 0, 10, 0, 1871, 0, 0, 2, 2, 0, 13, 42, 0, 0, 0, 4, 0, 0, 1, 0, 0, 0, 31, 0, 0, 0, 0, 0, 0, 0, 0, 3, 3, 0, 0, 0, 16, 0, 0, 0, 0, 0, 0, 2, 0, 0, 0, 0, 1, 0, 0, 2, 80, 820, 0, 2, 0, 24, 0, 1, 1, 88, 0, 65, 0, 10, 0, 0, 0, 0, 0, 22, 0, 1, 18, 73, 0, 7, 33, 0]
decoder:
layer: 1
[0, 0, 0, 0, 0, 1011, 0, 0, 0, 0, 0, 0, 0, 0, 0, 0, 0, 0, 0, 0, 0, 0, 0, 0, 11, 0, 1139, 1, 0, 0, 0, 0, 0, 0, 0, 0, 0, 0, 16, 0, 0, 0, 0, 0, 0, 0, 0, 0, 0, 0, 0, 0, 0, 1, 0, 0, 948, 0, 0, 0, 0, 0, 0, 0, 0, 0, 0, 0, 0, 0, 6, 0, 114, 35, 0, 65, 10, 2, 0, 191, 0, 0, 0, 0, 0, 0, 0, 0, 0, 0, 55, 0, 0, 0, 0, 0, 0, 0, 0, 36, 0, 0, 0, 0, 0, 0, 0, 0, 0, 0, 0, 0, 396, 0, 0, 2, 4, 19, 0, 2, 32, 0, 0, 0, 0, 0, 0, 0]
layer: 3
[0, 0, 0, 0, 0, 0, 0, 0, 0, 0, 0, 1, 0, 0, 0, 0, 0, 2094, 0, 0, 0, 0, 0, 0, 0, 0, 0, 0, 0, 94, 0, 0, 0, 0, 0, 0, 0, 0, 0, 839, 0, 0, 0, 0, 0, 0, 0, 80, 0, 0, 0, 142, 0, 35, 173, 0, 0, 0, 0, 0, 0, 0, 0, 13, 0, 0, 0, 0, 0, 0, 16, 0, 0, 0, 0, 0, 0, 0, 16, 0, 0, 0, 0, 0, 2, 0, 0, 0, 0, 0, 0, 0, 0, 0, 0, 0, 0, 0, 0, 0, 0, 0, 2, 0, 0, 0, 0, 0, 0, 0, 0, 0, 0, 0, 0, 0, 0, 1, 0, 0, 0, 0, 0, 0, 0, 0, 587, 1]
layer: 5
[553, 0, 0, 0, 0, 0, 0, 0, 10, 0, 0, 0, 0, 0, 0, 4, 0, 0, 0, 0, 0, 0, 0, 0, 0, 0, 0, 0, 0, 0, 0, 0, 0, 0, 10, 0, 0, 0, 0, 0, 0, 93, 379, 0, 0, 0, 0, 0, 0, 0, 0, 6, 0, 0, 0, 0, 0, 0, 0, 0, 297, 0, 0, 0, 0, 0, 0, 63, 0, 0, 0, 5, 0, 0, 115, 1, 0, 0, 0, 1004, 0, 0, 0, 0, 0, 0, 0, 16, 0, 0, 31, 0, 0, 0, 1, 0, 0, 0, 2, 0, 0, 0, 0, 0, 0, 0, 0, 4, 0, 0, 0, 0, 0, 4, 0, 0, 0, 0, 0, 0, 0, 0, 0, 58, 1440, 0, 0, 0]
layer: 7
[0, 4, 0, 0, 3, 0, 0, 848, 0, 0, 71, 44, 0, 8, 149, 0, 0, 0, 0, 0, 0, 0, 0, 0, 2, 0, 0, 0, 0, 1, 0, 0, 0, 0, 0, 0, 0, 0, 51, 0, 0, 0, 0, 1, 0, 999, 0, 0, 0, 0, 0, 0, 0, 0, 429, 0, 0, 0, 0, 0, 0, 0, 51, 0, 0, 91, 0, 0, 0, 0, 0, 0, 0, 0, 0, 0, 0, 0, 0, 0, 0, 0, 0, 27, 0, 0, 0, 0, 0, 0, 0, 0, 0, 0, 0, 0, 0, 0, 0, 0, 0, 0, 0, 0, 0, 0, 0, 0, 0, 0, 0, 0, 123, 0, 0, 0, 11, 0, 0, 1151, 0, 0, 2, 6, 0, 0, 24, 0]
layer: 9
[0, 0, 0, 0, 0, 0, 0, 0, 0, 766, 0, 0, 0, 0, 0, 0, 84, 0, 6, 1951, 0, 0, 0, 1, 0, 0, 0, 0, 606, 0, 0, 0, 0, 0, 0, 0, 0, 0, 331, 2, 0, 0, 5, 1, 0, 0, 203, 0, 0, 0, 0, 0, 0, 0, 0, 0, 0, 3, 0, 0, 0, 0, 0, 0, 0, 0, 0, 0, 0, 0, 0, 0, 0, 0, 0, 0, 7, 0, 0, 0, 0, 0, 0, 0, 0, 0, 3, 26, 0, 12, 0, 0, 6, 0, 2, 0, 0, 0, 1, 0, 0, 0, 0, 0, 0, 0, 0, 4, 0, 5, 0, 0, 0, 0, 0, 6, 28, 0, 0, 0, 0, 31, 0, 5, 0, 0, 1, 0]
layer: 11
[0, 0, 314, 0, 945, 3, 17, 0, 0, 0, 0, 3, 1, 0, 0, 0, 65, 0, 0, 0, 0, 38, 0, 0, 7, 0, 0, 0, 0, 83, 0, 0, 0, 1646, 6, 0, 0, 2, 0, 0, 56, 0, 0, 0, 10, 0, 0, 0, 0, 0, 0, 14, 6, 0, 0, 28, 0, 0, 0, 0, 0, 0, 0, 0, 0, 29, 0, 0, 0, 0, 0, 0, 0, 0, 0, 0, 0, 0, 0, 0, 0, 0, 0, 0, 0, 0, 0, 0, 5, 0, 0, 0, 19, 0, 0, 0, 0, 0, 0, 388, 0, 0, 51, 0, 61, 0, 0, 0, 0, 0, 1, 0, 0, 0, 234, 0, 0, 0, 0, 2, 0, 0, 0, 0, 0, 42, 0, 20]
encoder:
layer: 1
[1, 17, 72, 1064, 34, 200, 11, 25, 11, 0, 9, 18, 22, 23, 0, 0, 71, 17, 4, 0, 0, 20, 0, 31, 171, 8, 2, 104, 9, 22, 0, 18, 0, 0, 0, 0, 7, 16, 11, 36, 1, 0, 3, 31, 16, 17, 7, 240, 0, 257, 2, 9, 36, 22, 11, 67, 9, 0, 10, 21, 35, 1, 0, 0, 0, 65, 37, 2, 0, 5, 16, 37, 5, 0, 0, 0, 4, 3, 5, 27, 1, 4, 0, 9, 11, 0, 27, 0, 13, 127, 38, 6, 23, 0, 49, 6, 0, 0, 17, 44, 42, 26, 2, 64, 0, 0, 1, 2, 3, 6, 32, 4, 1, 0, 109, 115, 0, 0, 0, 7, 8, 1, 80, 3, 5, 0, 126, 29]
layer: 3
[27, 5, 0, 0, 18, 24, 23, 64, 2, 0, 1, 89, 20, 0, 213, 23, 9, 24, 56, 25, 0, 5, 30, 12, 16, 55, 8, 10, 30, 3, 70, 29, 0, 2, 4, 61, 2, 20, 6, 2, 3, 0, 20, 0, 32, 0, 8, 59, 3, 5, 17, 13, 8, 5, 0, 50, 47, 4, 45, 0, 33, 41, 5, 0, 50, 43, 16, 21, 288, 0, 4, 0, 10, 33, 0, 5, 46, 20, 13, 1, 0, 1, 52, 1, 264, 0, 16, 32, 30, 9, 12, 85, 2, 53, 15, 10, 33, 29, 4, 32, 57, 7, 0, 10, 11, 114, 434, 36, 1, 64, 1, 63, 1, 5, 436, 34, 0, 8, 0, 111, 2, 0, 29, 0, 0, 5, 39, 12]
layer: 5
[22, 181, 4, 0, 8, 0, 19, 13, 0, 0, 1, 41, 15, 7, 66, 1, 0, 15, 96, 0, 0, 0, 6, 0, 17, 0, 0, 523, 0, 44, 298, 36, 78, 0, 1, 14, 6, 1, 208, 0, 3, 0, 0, 119, 0, 0, 0, 0, 4, 0, 49, 0, 1, 0, 16, 0, 0, 16, 0, 0, 0, 49, 2, 9, 3, 442, 0, 6, 0, 2, 0, 2, 61, 0, 1, 0, 199, 1, 92, 0, 0, 16, 0, 1, 10, 1, 8, 8, 12, 16, 7, 2, 0, 61, 0, 42, 1, 5, 0, 0, 76, 485, 0, 0, 0, 0, 191, 166, 10, 19, 0, 0, 70, 0, 0, 2, 3, 0, 7, 3, 0, 7, 2, 3, 0, 0, 0, 64]
layer: 7
[0, 0, 0, 0, 19, 1, 0, 3, 0, 0, 1, 20, 0, 706, 38, 8, 0, 51, 21, 6, 33, 0, 0, 5, 1, 0, 0, 7, 0, 0, 3, 0, 2, 0, 23, 0, 1, 0, 4, 0, 0, 0, 28, 0, 0, 0, 140, 0, 23, 0, 0, 5, 186, 32, 0, 0, 108, 1, 0, 0, 1, 3, 6, 0, 5, 1, 13, 0, 0, 0, 2, 59, 74, 3, 0, 486, 0, 1, 0, 0, 1, 0, 0, 0, 0, 0, 2, 55, 1, 0, 0, 0, 0, 0, 859, 4, 2, 1, 5, 105, 11, 0, 0, 9, 0, 147, 301, 0, 12, 0, 1, 0, 0, 228, 0, 14, 0, 85, 0, 51, 5, 0, 0, 0, 5, 0, 0, 62]
layer: 9
[0, 0, 0, 0, 7, 1, 0, 68, 0, 1, 1, 2, 11, 0, 0, 1, 31, 49, 0, 0, 1, 0, 0, 2, 2, 12, 264, 4, 0, 1, 5, 0, 5, 12, 16, 3, 0, 21, 10, 0, 0, 0, 2, 0, 0, 0, 0, 0, 6, 0, 0, 0, 0, 0, 0, 1, 69, 5, 0, 0, 1, 0, 5, 0, 0, 4, 0, 0, 5, 0, 5, 0, 2676, 2, 55, 16, 240, 1, 0, 2, 0, 7, 1, 9, 23, 0, 0, 5, 0, 2, 42, 4, 1, 3, 17, 1, 0, 20, 0, 111, 0, 32, 7, 17, 0, 0, 0, 0, 1, 0, 0, 34, 15, 1, 56, 2, 0, 2, 7, 3, 2, 24, 8, 0, 0, 0, 1, 13]
layer: 11
[0, 1, 0, 0, 0, 0, 11, 0, 0, 0, 0, 1, 554, 0, 0, 0, 0, 7, 10, 6, 3, 0, 6, 0, 15, 0, 0, 0, 9, 0, 0, 0, 0, 0, 15, 0, 1, 0, 1, 185, 0, 9, 0, 0, 7, 1, 6, 0, 0, 0, 10, 0, 1871, 0, 0, 2, 2, 0, 13, 42, 0, 0, 0, 4, 0, 0, 1, 0, 0, 0, 31, 0, 0, 0, 0, 0, 0, 0, 0, 3, 3, 0, 0, 0, 16, 0, 0, 0, 0, 0, 0, 2, 0, 0, 0, 0, 1, 0, 0, 2, 80, 820, 0, 2, 0, 24, 0, 1, 1, 88, 0, 65, 0, 10, 0, 0, 0, 0, 0, 22, 0, 1, 18, 73, 0, 7, 33, 0]
decoder:
layer: 1
[0, 0, 0, 0, 0, 1011, 0, 0, 0, 0, 0, 0, 0, 0, 0, 0, 0, 0, 0, 0, 0, 0, 0, 0, 11, 0, 1139, 1, 0, 0, 0, 0, 0, 0, 0, 0, 0, 0, 16, 0, 0, 0, 0, 0, 0, 0, 0, 0, 0, 0, 0, 0, 0, 1, 0, 0, 948, 0, 0, 0, 0, 0, 0, 0, 0, 0, 0, 0, 0, 0, 6, 0, 114, 35, 0, 65, 10, 2, 0, 191, 0, 0, 0, 0, 0, 0, 0, 0, 0, 0, 55, 0, 0, 0, 0, 0, 0, 0, 0, 36, 0, 0, 0, 0, 0, 0, 0, 0, 0, 0, 0, 0, 396, 0, 0, 2, 4, 19, 0, 2, 32, 0, 0, 0, 0, 0, 0, 0]
layer: 3
[0, 0, 0, 0, 0, 0, 0, 0, 0, 0, 0, 1, 0, 0, 0, 0, 0, 2094, 0, 0, 0, 0, 0, 0, 0, 0, 0, 0, 0, 94, 0, 0, 0, 0, 0, 0, 0, 0, 0, 839, 0, 0, 0, 0, 0, 0, 0, 80, 0, 0, 0, 142, 0, 35, 173, 0, 0, 0, 0, 0, 0, 0, 0, 13, 0, 0, 0, 0, 0, 0, 16, 0, 0, 0, 0, 0, 0, 0, 16, 0, 0, 0, 0, 0, 2, 0, 0, 0, 0, 0, 0, 0, 0, 0, 0, 0, 0, 0, 0, 0, 0, 0, 2, 0, 0, 0, 0, 0, 0, 0, 0, 0, 0, 0, 0, 0, 0, 1, 0, 0, 0, 0, 0, 0, 0, 0, 587, 1]
layer: 5
[553, 0, 0, 0, 0, 0, 0, 0, 10, 0, 0, 0, 0, 0, 0, 4, 0, 0, 0, 0, 0, 0, 0, 0, 0, 0, 0, 0, 0, 0, 0, 0, 0, 0, 10, 0, 0, 0, 0, 0, 0, 93, 379, 0, 0, 0, 0, 0, 0, 0, 0, 6, 0, 0, 0, 0, 0, 0, 0, 0, 297, 0, 0, 0, 0, 0, 0, 63, 0, 0, 0, 5, 0, 0, 115, 1, 0, 0, 0, 1004, 0, 0, 0, 0, 0, 0, 0, 16, 0, 0, 31, 0, 0, 0, 1, 0, 0, 0, 2, 0, 0, 0, 0, 0, 0, 0, 0, 4, 0, 0, 0, 0, 0, 4, 0, 0, 0, 0, 0, 0, 0, 0, 0, 58, 1440, 0, 0, 0]
layer: 7
[0, 4, 0, 0, 3, 0, 0, 848, 0, 0, 71, 44, 0, 8, 149, 0, 0, 0, 0, 0, 0, 0, 0, 0, 2, 0, 0, 0, 0, 1, 0, 0, 0, 0, 0, 0, 0, 0, 51, 0, 0, 0, 0, 1, 0, 999, 0, 0, 0, 0, 0, 0, 0, 0, 429, 0, 0, 0, 0, 0, 0, 0, 51, 0, 0, 91, 0, 0, 0, 0, 0, 0, 0, 0, 0, 0, 0, 0, 0, 0, 0, 0, 0, 27, 0, 0, 0, 0, 0, 0, 0, 0, 0, 0, 0, 0, 0, 0, 0, 0, 0, 0, 0, 0, 0, 0, 0, 0, 0, 0, 0, 0, 123, 0, 0, 0, 11, 0, 0, 1151, 0, 0, 2, 6, 0, 0, 24, 0]
layer: 9
[0, 0, 0, 0, 0, 0, 0, 0, 0, 766, 0, 0, 0, 0, 0, 0, 84, 0, 6, 1951, 0, 0, 0, 1, 0, 0, 0, 0, 606, 0, 0, 0, 0, 0, 0, 0, 0, 0, 331, 2, 0, 0, 5, 1, 0, 0, 203, 0, 0, 0, 0, 0, 0, 0, 0, 0, 0, 3, 0, 0, 0, 0, 0, 0, 0, 0, 0, 0, 0, 0, 0, 0, 0, 0, 0, 0, 7, 0, 0, 0, 0, 0, 0, 0, 0, 0, 3, 26, 0, 12, 0, 0, 6, 0, 2, 0, 0, 0, 1, 0, 0, 0, 0, 0, 0, 0, 0, 4, 0, 5, 0, 0, 0, 0, 0, 6, 28, 0, 0, 0, 0, 31, 0, 5, 0, 0, 1, 0]
layer: 11
[0, 0, 314, 0, 945, 3, 17, 0, 0, 0, 0, 3, 1, 0, 0, 0, 65, 0, 0, 0, 0, 38, 0, 0, 7, 0, 0, 0, 0, 83, 0, 0, 0, 1646, 6, 0, 0, 2, 0, 0, 56, 0, 0, 0, 10, 0, 0, 0, 0, 0, 0, 14, 6, 0, 0, 28, 0, 0, 0, 0, 0, 0, 0, 0, 0, 29, 0, 0, 0, 0, 0, 0, 0, 0, 0, 0, 0, 0, 0, 0, 0, 0, 0, 0, 0, 0, 0, 0, 5, 0, 0, 0, 19, 0, 0, 0, 0, 0, 0, 388, 0, 0, 51, 0, 61, 0, 0, 0, 0, 0, 1, 0, 0, 0, 234, 0, 0, 0, 0, 2, 0, 0, 0, 0, 0, 42, 0, 20]
