encoder:
layer: 1
[3, 29, 162, 2005, 83, 393, 15, 50, 36, 0, 15, 45, 52, 46, 0, 1, 134, 24, 9, 1, 0, 32, 0, 62, 333, 14, 5, 230, 19, 46, 0, 30, 0, 0, 0, 0, 12, 32, 30, 76, 1, 0, 7, 63, 39, 36, 10, 502, 0, 529, 2, 18, 72, 37, 24, 118, 20, 0, 21, 43, 69, 4, 1, 0, 0, 121, 74, 3, 0, 11, 31, 79, 8, 1, 0, 0, 6, 6, 8, 53, 3, 11, 0, 33, 20, 0, 47, 0, 25, 292, 68, 10, 35, 0, 96, 15, 0, 0, 42, 96, 85, 64, 7, 143, 0, 0, 1, 4, 3, 13, 65, 7, 4, 0, 225, 226, 0, 0, 0, 16, 18, 4, 161, 6, 16, 0, 235, 55]
layer: 3
[54, 14, 0, 0, 40, 52, 60, 119, 3, 0, 4, 170, 38, 1, 413, 45, 13, 54, 103, 46, 0, 9, 58, 17, 37, 105, 13, 21, 47, 7, 138, 47, 0, 3, 11, 123, 6, 33, 8, 3, 7, 1, 51, 0, 67, 0, 11, 130, 8, 9, 41, 16, 16, 7, 0, 89, 104, 6, 80, 0, 65, 68, 13, 0, 90, 78, 36, 42, 567, 0, 10, 0, 26, 65, 0, 11, 83, 41, 43, 4, 1, 1, 98, 2, 512, 0, 37, 57, 67, 20, 31, 175, 5, 105, 37, 23, 57, 57, 8, 73, 150, 15, 0, 20, 22, 224, 843, 68, 1, 134, 1, 114, 2, 13, 888, 72, 1, 21, 2, 255, 3, 0, 59, 0, 0, 12, 85, 21]
layer: 5
[48, 338, 9, 0, 17, 1, 43, 22, 0, 0, 3, 79, 30, 14, 127, 1, 0, 30, 220, 0, 0, 5, 11, 0, 39, 0, 1, 1081, 0, 80, 553, 76, 150, 0, 5, 30, 12, 1, 389, 0, 10, 0, 0, 248, 2, 0, 0, 3, 8, 0, 118, 0, 5, 0, 32, 0, 0, 26, 0, 0, 3, 84, 5, 16, 9, 913, 1, 12, 0, 4, 3, 2, 116, 1, 1, 0, 429, 2, 161, 0, 0, 32, 0, 2, 22, 1, 13, 11, 31, 31, 18, 2, 1, 109, 3, 86, 6, 15, 0, 0, 143, 938, 0, 1, 0, 0, 410, 314, 23, 36, 0, 0, 129, 0, 0, 4, 8, 0, 17, 7, 0, 10, 6, 5, 0, 1, 0, 128]
layer: 7
[0, 0, 1, 0, 33, 2, 1, 11, 0, 0, 2, 35, 0, 1278, 92, 19, 2, 98, 38, 13, 66, 0, 0, 11, 4, 0, 0, 13, 0, 0, 7, 0, 8, 0, 38, 0, 2, 2, 8, 0, 0, 0, 54, 4, 0, 1, 255, 0, 30, 0, 0, 11, 409, 72, 5, 1, 211, 3, 0, 0, 5, 7, 10, 0, 14, 3, 24, 0, 0, 0, 8, 111, 156, 8, 0, 947, 0, 2, 0, 0, 6, 0, 0, 0, 0, 0, 3, 101, 2, 0, 1, 0, 2, 0, 1786, 9, 10, 2, 11, 231, 21, 1, 0, 21, 0, 306, 612, 0, 26, 0, 1, 0, 5, 450, 0, 30, 0, 179, 0, 91, 6, 0, 0, 3, 11, 2, 1, 127]
layer: 9
[0, 0, 1, 0, 17, 2, 0, 152, 1, 2, 2, 4, 24, 0, 0, 4, 51, 102, 2, 0, 1, 0, 0, 4, 3, 26, 465, 8, 0, 1, 10, 0, 10, 15, 26, 13, 0, 37, 18, 0, 0, 0, 2, 0, 1, 0, 1, 0, 13, 1, 1, 0, 0, 0, 0, 2, 102, 9, 0, 0, 2, 0, 6, 0, 0, 9, 0, 0, 6, 0, 8, 0, 5486, 6, 114, 33, 470, 1, 0, 3, 0, 14, 1, 17, 64, 0, 0, 10, 0, 2, 75, 5, 2, 3, 44, 3, 0, 33, 0, 208, 0, 60, 11, 28, 1, 4, 0, 0, 6, 0, 5, 69, 26, 1, 110, 2, 2, 4, 12, 8, 2, 42, 15, 0, 2, 0, 2, 22]
layer: 11
[0, 6, 0, 1, 0, 0, 20, 0, 0, 0, 0, 2, 1136, 0, 0, 0, 0, 17, 12, 12, 10, 0, 13, 1, 41, 1, 0, 0, 20, 0, 0, 0, 0, 0, 29, 0, 9, 0, 5, 390, 0, 14, 0, 0, 22, 1, 11, 0, 0, 0, 25, 0, 3557, 0, 2, 3, 4, 0, 27, 88, 0, 0, 0, 6, 0, 0, 5, 0, 0, 0, 56, 1, 0, 0, 0, 0, 3, 0, 0, 4, 3, 0, 0, 0, 36, 0, 0, 0, 0, 0, 0, 2, 0, 0, 0, 0, 2, 0, 0, 12, 160, 1687, 0, 4, 0, 51, 0, 2, 1, 179, 0, 128, 0, 32, 0, 0, 0, 0, 0, 56, 0, 1, 40, 163, 0, 13, 66, 0]
decoder:
layer: 1
[2, 0, 0, 0, 0, 1436, 0, 0, 0, 0, 0, 0, 0, 0, 0, 0, 0, 0, 0, 0, 0, 0, 0, 0, 11, 0, 2616, 1, 0, 0, 0, 5, 0, 0, 0, 0, 0, 0, 32, 0, 0, 0, 0, 0, 0, 0, 0, 0, 0, 64, 0, 0, 0, 1, 0, 0, 1662, 0, 0, 0, 0, 0, 2, 0, 0, 0, 4, 0, 4, 0, 80, 0, 210, 331, 0, 99, 10, 3, 0, 360, 0, 0, 0, 0, 0, 0, 0, 0, 0, 0, 95, 0, 0, 0, 0, 0, 0, 0, 0, 72, 0, 0, 0, 0, 0, 0, 1, 0, 0, 0, 5, 67, 712, 0, 0, 3, 11, 80, 0, 11, 184, 0, 0, 0, 18, 0, 0, 0]
layer: 3
[0, 0, 0, 0, 0, 0, 0, 0, 0, 0, 0, 7, 0, 0, 0, 0, 0, 3654, 0, 0, 0, 0, 0, 0, 0, 0, 0, 0, 1, 261, 0, 2, 0, 0, 0, 0, 0, 0, 9, 1496, 2, 0, 0, 2, 0, 0, 6, 150, 0, 0, 0, 223, 0, 241, 361, 105, 0, 0, 0, 0, 0, 0, 0, 17, 0, 0, 0, 0, 0, 0, 33, 0, 0, 0, 0, 0, 0, 4, 29, 0, 0, 0, 0, 0, 121, 0, 0, 0, 0, 0, 0, 0, 0, 0, 0, 0, 0, 0, 2, 0, 0, 0, 2, 0, 0, 0, 13, 0, 0, 0, 0, 0, 0, 0, 0, 15, 0, 1, 0, 0, 0, 108, 0, 0, 0, 0, 1326, 1]
layer: 5
[1008, 0, 0, 0, 0, 0, 0, 0, 12, 0, 0, 0, 0, 0, 0, 4, 0, 0, 0, 0, 0, 0, 0, 0, 0, 8, 0, 0, 0, 0, 0, 0, 0, 0, 26, 0, 0, 0, 0, 0, 0, 223, 615, 0, 0, 0, 1, 0, 0, 0, 0, 26, 2, 0, 0, 0, 3, 0, 0, 0, 616, 0, 0, 0, 0, 108, 0, 119, 0, 0, 2, 17, 0, 0, 335, 1, 0, 0, 0, 1974, 0, 0, 0, 0, 0, 0, 0, 32, 2, 0, 116, 0, 0, 0, 1, 0, 0, 9, 3, 0, 0, 84, 0, 0, 0, 0, 0, 114, 0, 0, 0, 0, 0, 16, 0, 0, 0, 7, 0, 0, 0, 0, 0, 94, 2614, 0, 0, 0]
layer: 7
[0, 4, 0, 1, 3, 0, 0, 1615, 0, 0, 176, 175, 0, 8, 276, 0, 0, 0, 0, 0, 0, 0, 0, 6, 2, 0, 0, 0, 0, 2, 0, 0, 0, 14, 0, 0, 4, 0, 127, 0, 0, 0, 0, 1, 5, 1903, 0, 0, 0, 0, 0, 0, 0, 0, 733, 0, 0, 0, 0, 0, 0, 0, 443, 0, 0, 126, 0, 0, 0, 6, 0, 0, 0, 0, 0, 0, 0, 0, 0, 0, 0, 3, 0, 62, 0, 0, 1, 0, 0, 0, 0, 0, 0, 0, 0, 0, 0, 0, 0, 0, 1, 0, 0, 0, 0, 0, 0, 0, 0, 0, 0, 0, 278, 0, 6, 0, 15, 0, 0, 2129, 0, 7, 2, 23, 0, 0, 35, 0]
layer: 9
[0, 0, 0, 0, 0, 0, 1, 0, 0, 1598, 0, 0, 0, 4, 0, 0, 133, 0, 6, 3539, 0, 0, 0, 48, 0, 0, 0, 0, 1020, 0, 0, 0, 0, 0, 0, 0, 0, 0, 867, 3, 0, 0, 57, 1, 0, 6, 339, 0, 0, 0, 0, 1, 0, 0, 2, 0, 0, 3, 0, 0, 0, 0, 0, 0, 0, 0, 2, 0, 0, 0, 5, 0, 0, 0, 0, 0, 185, 0, 0, 0, 0, 15, 0, 0, 0, 0, 5, 121, 0, 53, 0, 0, 27, 0, 2, 0, 0, 0, 1, 0, 0, 0, 0, 0, 0, 0, 0, 15, 0, 23, 0, 0, 0, 0, 0, 25, 47, 0, 0, 0, 0, 31, 0, 5, 0, 1, 1, 0]
layer: 11
[0, 0, 544, 0, 1816, 39, 69, 0, 0, 0, 0, 6, 1, 0, 0, 0, 83, 0, 0, 0, 0, 385, 0, 0, 7, 0, 0, 0, 0, 292, 0, 0, 0, 2902, 78, 0, 0, 2, 0, 0, 168, 0, 0, 0, 68, 0, 0, 0, 0, 0, 0, 30, 24, 0, 0, 119, 0, 0, 0, 24, 0, 0, 0, 0, 0, 66, 0, 0, 0, 0, 0, 0, 0, 0, 0, 0, 0, 0, 0, 7, 0, 0, 0, 0, 4, 0, 0, 0, 13, 0, 0, 0, 30, 0, 0, 0, 0, 0, 0, 529, 0, 1, 66, 0, 69, 0, 0, 0, 0, 0, 1, 0, 0, 0, 607, 0, 0, 0, 0, 2, 0, 0, 0, 1, 0, 91, 0, 48]
