encoder:
layer: 1
[48, 100, 618, 8138, 382, 1559, 52, 228, 142, 5, 55, 162, 252, 146, 3, 6, 523, 50, 20, 3, 6, 148, 0, 202, 1258, 44, 3, 932, 93, 173, 0, 129, 0, 1, 0, 0, 29, 147, 58, 242, 1, 0, 32, 246, 117, 192, 42, 1987, 0, 2104, 18, 107, 292, 113, 144, 448, 74, 0, 117, 146, 332, 21, 8, 4, 0, 428, 276, 22, 1, 71, 108, 313, 47, 2, 0, 1, 12, 41, 46, 182, 16, 42, 0, 143, 86, 10, 178, 1, 92, 1241, 250, 40, 82, 5, 368, 63, 0, 0, 135, 314, 437, 253, 34, 557, 0, 0, 8, 31, 18, 50, 230, 37, 37, 0, 977, 900, 0, 0, 1, 60, 95, 25, 617, 28, 40, 0, 1007, 208]
layer: 3
[211, 53, 2, 0, 202, 185, 219, 490, 7, 1, 18, 669, 143, 5, 1708, 213, 20, 267, 395, 157, 0, 38, 218, 52, 152, 427, 48, 107, 204, 33, 553, 201, 0, 3, 36, 526, 19, 107, 51, 41, 19, 10, 225, 1, 290, 0, 36, 563, 36, 39, 204, 64, 99, 15, 0, 296, 367, 18, 309, 0, 271, 274, 43, 4, 337, 288, 141, 171, 2444, 1, 61, 0, 60, 276, 0, 53, 289, 133, 218, 8, 4, 7, 337, 22, 2064, 0, 173, 225, 311, 66, 94, 676, 14, 463, 143, 76, 309, 223, 24, 297, 550, 62, 0, 88, 78, 949, 3289, 262, 10, 483, 4, 453, 18, 40, 3460, 274, 14, 69, 4, 955, 3, 1, 248, 0, 0, 67, 347, 68]
layer: 5
[182, 1440, 19, 1, 97, 5, 153, 149, 0, 0, 12, 319, 117, 66, 516, 17, 0, 89, 868, 2, 5, 7, 45, 6, 126, 1, 8, 4153, 0, 306, 2370, 378, 552, 3, 16, 138, 90, 2, 1470, 0, 67, 0, 0, 1017, 26, 0, 3, 16, 42, 12, 447, 0, 8, 2, 128, 2, 0, 111, 0, 0, 7, 412, 3, 66, 26, 3581, 8, 33, 1, 19, 6, 16, 477, 0, 28, 9, 1635, 7, 638, 1, 0, 138, 0, 9, 63, 0, 48, 81, 127, 113, 77, 10, 1, 493, 3, 258, 35, 40, 0, 6, 640, 3596, 4, 2, 2, 0, 1643, 1327, 95, 132, 2, 0, 531, 0, 0, 3, 36, 0, 54, 35, 0, 56, 21, 9, 0, 11, 0, 485]
layer: 7
[0, 1, 3, 1, 135, 5, 1, 64, 1, 0, 1, 106, 1, 5090, 335, 50, 6, 426, 105, 50, 192, 2, 4, 54, 6, 0, 0, 70, 1, 0, 7, 1, 39, 1, 103, 0, 1, 0, 24, 0, 0, 4, 274, 7, 0, 14, 1090, 2, 129, 3, 0, 37, 1605, 272, 23, 2, 919, 10, 0, 0, 21, 33, 42, 2, 73, 7, 81, 0, 0, 0, 35, 410, 565, 24, 0, 4248, 0, 8, 0, 1, 17, 14, 0, 2, 1, 0, 9, 444, 5, 0, 8, 1, 6, 0, 7016, 34, 18, 15, 21, 898, 70, 0, 0, 106, 0, 1080, 2453, 0, 124, 0, 1, 0, 28, 1854, 2, 82, 1, 633, 5, 432, 13, 0, 7, 28, 29, 16, 2, 466]
layer: 9
[0, 0, 1, 1, 41, 3, 1, 572, 8, 5, 2, 10, 136, 0, 4, 10, 182, 471, 12, 7, 0, 4, 0, 4, 3, 124, 1894, 45, 0, 2, 34, 1, 62, 71, 92, 89, 0, 162, 44, 2, 2, 0, 2, 0, 0, 1, 3, 1, 49, 3, 6, 0, 0, 0, 0, 8, 386, 42, 0, 0, 3, 1, 23, 1, 0, 38, 0, 0, 21, 1, 29, 0, 21765, 18, 364, 128, 2147, 2, 1, 8, 2, 54, 4, 40, 295, 2, 0, 61, 0, 7, 236, 17, 16, 19, 188, 26, 0, 180, 0, 866, 0, 219, 30, 96, 2, 23, 0, 0, 14, 1, 14, 283, 77, 9, 485, 2, 6, 11, 36, 10, 1, 134, 63, 1, 0, 0, 12, 74]
layer: 11
[0, 21, 0, 29, 0, 0, 119, 0, 0, 0, 0, 2, 4865, 4, 0, 0, 0, 68, 86, 53, 47, 0, 54, 1, 178, 0, 0, 0, 116, 0, 2, 0, 0, 12, 56, 3, 33, 0, 13, 1596, 0, 101, 0, 0, 65, 2, 29, 0, 0, 0, 56, 0, 13878, 0, 1, 14, 28, 0, 87, 314, 1, 9, 1, 29, 0, 0, 11, 0, 0, 0, 170, 9, 0, 1, 0, 0, 6, 0, 3, 3, 1, 0, 1, 0, 150, 0, 1, 0, 2, 11, 3, 8, 0, 0, 0, 0, 9, 0, 1, 28, 861, 6755, 2, 10, 0, 173, 6, 8, 2, 647, 0, 445, 0, 159, 0, 0, 1, 0, 0, 212, 0, 2, 143, 602, 4, 68, 277, 0]
decoder:
layer: 1
[4, 0, 2, 0, 0, 6273, 0, 0, 0, 1, 5, 0, 0, 0, 0, 0, 0, 0, 0, 6, 1, 46, 4, 0, 0, 0, 9093, 2, 0, 0, 214, 12, 6, 12, 0, 0, 0, 0, 128, 0, 0, 0, 0, 0, 0, 0, 0, 15, 0, 369, 0, 0, 0, 0, 1, 0, 7554, 0, 0, 0, 4, 0, 6, 0, 0, 0, 3, 0, 0, 0, 102, 0, 967, 1237, 0, 433, 6, 14, 0, 1342, 0, 0, 0, 0, 3, 50, 0, 0, 1, 0, 475, 26, 0, 0, 0, 2, 0, 0, 5, 200, 0, 9, 0, 0, 0, 0, 0, 14, 0, 31, 1, 234, 2956, 0, 0, 164, 82, 439, 14, 11, 182, 0, 0, 0, 6, 0, 1, 0]
layer: 3
[0, 0, 0, 0, 0, 1, 0, 10, 0, 0, 214, 22, 0, 0, 0, 10, 18, 16389, 0, 2, 0, 0, 0, 0, 0, 2, 0, 0, 7, 409, 0, 5, 0, 2, 0, 0, 0, 0, 0, 6209, 0, 0, 130, 21, 0, 0, 52, 775, 9, 0, 0, 505, 0, 660, 1360, 367, 0, 0, 0, 0, 0, 5, 1, 252, 2, 0, 1, 2, 0, 0, 138, 0, 0, 0, 0, 0, 0, 12, 102, 0, 0, 0, 0, 0, 621, 0, 0, 0, 0, 0, 10, 0, 1, 84, 1, 0, 0, 0, 1, 0, 0, 0, 1, 0, 0, 0, 45, 0, 0, 14, 3, 0, 2, 7, 0, 0, 0, 3, 0, 0, 0, 25, 1, 31, 0, 0, 4224, 0]
layer: 5
[4440, 0, 0, 0, 0, 0, 1, 0, 5, 0, 0, 0, 0, 0, 4, 15, 0, 0, 0, 0, 12, 0, 0, 0, 0, 4, 0, 0, 11, 0, 0, 0, 0, 0, 21, 0, 0, 0, 0, 0, 0, 1110, 1721, 0, 0, 0, 0, 0, 0, 0, 0, 79, 1, 0, 0, 1, 70, 0, 0, 0, 3556, 0, 0, 0, 0, 27, 3, 773, 10, 0, 5, 131, 0, 0, 797, 1, 0, 0, 0, 9308, 0, 0, 0, 0, 0, 0, 0, 128, 35, 0, 440, 2, 0, 0, 0, 0, 0, 68, 21, 0, 0, 261, 0, 7, 0, 0, 0, 538, 0, 204, 0, 0, 4, 64, 0, 0, 0, 26, 0, 0, 1, 0, 0, 281, 8575, 0, 5, 2]
layer: 7
[0, 3, 0, 12, 2, 0, 0, 6641, 146, 2, 633, 349, 0, 0, 1221, 0, 0, 0, 0, 0, 0, 1, 0, 1, 1, 0, 0, 0, 0, 5, 0, 0, 6, 3, 0, 0, 14, 0, 209, 3, 0, 0, 0, 1, 21, 7130, 1, 0, 53, 82, 1, 0, 4, 132, 4446, 0, 0, 0, 0, 0, 0, 12, 1529, 0, 5, 492, 0, 0, 7, 53, 0, 0, 0, 0, 0, 0, 0, 0, 0, 0, 0, 31, 0, 133, 0, 0, 6, 2, 0, 0, 0, 37, 0, 0, 0, 0, 5, 40, 0, 0, 12, 0, 0, 1, 2, 0, 0, 3, 0, 0, 0, 0, 683, 0, 7, 0, 12, 52, 0, 8073, 0, 67, 5, 92, 0, 0, 284, 0]
layer: 9
[0, 0, 0, 0, 0, 0, 0, 0, 0, 6258, 0, 0, 0, 3, 0, 2, 441, 1, 6, 13411, 0, 6, 0, 542, 0, 0, 0, 0, 3880, 0, 3, 0, 0, 0, 0, 0, 0, 0, 4048, 0, 0, 0, 121, 2, 0, 62, 1694, 0, 7, 0, 0, 0, 0, 0, 36, 0, 0, 3, 0, 0, 0, 0, 0, 0, 1, 0, 0, 0, 4, 0, 7, 2, 4, 0, 0, 25, 281, 2, 5, 0, 0, 5, 0, 0, 0, 0, 45, 396, 0, 504, 0, 0, 166, 0, 79, 0, 0, 0, 3, 0, 0, 0, 0, 0, 0, 0, 0, 105, 1, 98, 0, 0, 0, 0, 0, 286, 110, 0, 0, 0, 0, 79, 0, 19, 0, 0, 0, 15]
layer: 11
[0, 0, 2404, 0, 6317, 92, 337, 0, 0, 0, 0, 34, 0, 0, 16, 0, 133, 47, 0, 0, 0, 1061, 0, 18, 14, 1, 0, 0, 0, 1049, 0, 14, 0, 13955, 206, 0, 0, 0, 0, 0, 513, 1, 0, 0, 218, 0, 0, 0, 0, 0, 0, 132, 48, 0, 0, 239, 0, 0, 0, 122, 0, 0, 0, 0, 0, 287, 0, 0, 0, 0, 0, 2, 0, 0, 0, 0, 0, 0, 0, 318, 0, 0, 0, 0, 30, 0, 0, 0, 119, 0, 0, 0, 31, 0, 0, 1, 1, 0, 0, 1903, 0, 9, 224, 0, 163, 0, 0, 0, 0, 0, 0, 0, 2, 0, 2165, 0, 1, 0, 0, 2, 0, 0, 0, 7, 0, 364, 11, 157]
encoder:
layer: 1
[48, 100, 618, 8138, 382, 1559, 52, 228, 142, 5, 55, 162, 252, 146, 3, 6, 523, 50, 20, 3, 6, 148, 0, 202, 1258, 44, 3, 932, 93, 173, 0, 129, 0, 1, 0, 0, 29, 147, 58, 242, 1, 0, 32, 246, 117, 192, 42, 1987, 0, 2104, 18, 107, 292, 113, 144, 448, 74, 0, 117, 146, 332, 21, 8, 4, 0, 428, 276, 22, 1, 71, 108, 313, 47, 2, 0, 1, 12, 41, 46, 182, 16, 42, 0, 143, 86, 10, 178, 1, 92, 1241, 250, 40, 82, 5, 368, 63, 0, 0, 135, 314, 437, 253, 34, 557, 0, 0, 8, 31, 18, 50, 230, 37, 37, 0, 977, 900, 0, 0, 1, 60, 95, 25, 617, 28, 40, 0, 1007, 208]
layer: 3
[211, 53, 2, 0, 202, 185, 219, 490, 7, 1, 18, 669, 143, 5, 1708, 213, 20, 267, 395, 157, 0, 38, 218, 52, 152, 427, 48, 107, 204, 33, 553, 201, 0, 3, 36, 526, 19, 107, 51, 41, 19, 10, 225, 1, 290, 0, 36, 563, 36, 39, 204, 64, 99, 15, 0, 296, 367, 18, 309, 0, 271, 274, 43, 4, 337, 288, 141, 171, 2444, 1, 61, 0, 60, 276, 0, 53, 289, 133, 218, 8, 4, 7, 337, 22, 2064, 0, 173, 225, 311, 66, 94, 676, 14, 463, 143, 76, 309, 223, 24, 297, 550, 62, 0, 88, 78, 949, 3289, 262, 10, 483, 4, 453, 18, 40, 3460, 274, 14, 69, 4, 955, 3, 1, 248, 0, 0, 67, 347, 68]
layer: 5
[182, 1440, 19, 1, 97, 5, 153, 149, 0, 0, 12, 319, 117, 66, 516, 17, 0, 89, 868, 2, 5, 7, 45, 6, 126, 1, 8, 4153, 0, 306, 2370, 378, 552, 3, 16, 138, 90, 2, 1470, 0, 67, 0, 0, 1017, 26, 0, 3, 16, 42, 12, 447, 0, 8, 2, 128, 2, 0, 111, 0, 0, 7, 412, 3, 66, 26, 3581, 8, 33, 1, 19, 6, 16, 477, 0, 28, 9, 1635, 7, 638, 1, 0, 138, 0, 9, 63, 0, 48, 81, 127, 113, 77, 10, 1, 493, 3, 258, 35, 40, 0, 6, 640, 3596, 4, 2, 2, 0, 1643, 1327, 95, 132, 2, 0, 531, 0, 0, 3, 36, 0, 54, 35, 0, 56, 21, 9, 0, 11, 0, 485]
layer: 7
[0, 1, 3, 1, 135, 5, 1, 64, 1, 0, 1, 106, 1, 5090, 335, 50, 6, 426, 105, 50, 192, 2, 4, 54, 6, 0, 0, 70, 1, 0, 7, 1, 39, 1, 103, 0, 1, 0, 24, 0, 0, 4, 274, 7, 0, 14, 1090, 2, 129, 3, 0, 37, 1605, 272, 23, 2, 919, 10, 0, 0, 21, 33, 42, 2, 73, 7, 81, 0, 0, 0, 35, 410, 565, 24, 0, 4248, 0, 8, 0, 1, 17, 14, 0, 2, 1, 0, 9, 444, 5, 0, 8, 1, 6, 0, 7016, 34, 18, 15, 21, 898, 70, 0, 0, 106, 0, 1080, 2453, 0, 124, 0, 1, 0, 28, 1854, 2, 82, 1, 633, 5, 432, 13, 0, 7, 28, 29, 16, 2, 466]
layer: 9
[0, 0, 1, 1, 41, 3, 1, 572, 8, 5, 2, 10, 136, 0, 4, 10, 182, 471, 12, 7, 0, 4, 0, 4, 3, 124, 1894, 45, 0, 2, 34, 1, 62, 71, 92, 89, 0, 162, 44, 2, 2, 0, 2, 0, 0, 1, 3, 1, 49, 3, 6, 0, 0, 0, 0, 8, 386, 42, 0, 0, 3, 1, 23, 1, 0, 38, 0, 0, 21, 1, 29, 0, 21765, 18, 364, 128, 2147, 2, 1, 8, 2, 54, 4, 40, 295, 2, 0, 61, 0, 7, 236, 17, 16, 19, 188, 26, 0, 180, 0, 866, 0, 219, 30, 96, 2, 23, 0, 0, 14, 1, 14, 283, 77, 9, 485, 2, 6, 11, 36, 10, 1, 134, 63, 1, 0, 0, 12, 74]
layer: 11
[0, 21, 0, 29, 0, 0, 119, 0, 0, 0, 0, 2, 4865, 4, 0, 0, 0, 68, 86, 53, 47, 0, 54, 1, 178, 0, 0, 0, 116, 0, 2, 0, 0, 12, 56, 3, 33, 0, 13, 1596, 0, 101, 0, 0, 65, 2, 29, 0, 0, 0, 56, 0, 13878, 0, 1, 14, 28, 0, 87, 314, 1, 9, 1, 29, 0, 0, 11, 0, 0, 0, 170, 9, 0, 1, 0, 0, 6, 0, 3, 3, 1, 0, 1, 0, 150, 0, 1, 0, 2, 11, 3, 8, 0, 0, 0, 0, 9, 0, 1, 28, 861, 6755, 2, 10, 0, 173, 6, 8, 2, 647, 0, 445, 0, 159, 0, 0, 1, 0, 0, 212, 0, 2, 143, 602, 4, 68, 277, 0]
decoder:
layer: 1
[4, 0, 2, 0, 0, 6273, 0, 0, 0, 1, 5, 0, 0, 0, 0, 0, 0, 0, 0, 6, 1, 46, 4, 0, 0, 0, 9093, 2, 0, 0, 214, 12, 6, 12, 0, 0, 0, 0, 128, 0, 0, 0, 0, 0, 0, 0, 0, 15, 0, 369, 0, 0, 0, 0, 1, 0, 7554, 0, 0, 0, 4, 0, 6, 0, 0, 0, 3, 0, 0, 0, 102, 0, 967, 1237, 0, 433, 6, 14, 0, 1342, 0, 0, 0, 0, 3, 50, 0, 0, 1, 0, 475, 26, 0, 0, 0, 2, 0, 0, 5, 200, 0, 9, 0, 0, 0, 0, 0, 14, 0, 31, 1, 234, 2956, 0, 0, 164, 82, 439, 14, 11, 182, 0, 0, 0, 6, 0, 1, 0]
layer: 3
[0, 0, 0, 0, 0, 1, 0, 10, 0, 0, 214, 22, 0, 0, 0, 10, 18, 16389, 0, 2, 0, 0, 0, 0, 0, 2, 0, 0, 7, 409, 0, 5, 0, 2, 0, 0, 0, 0, 0, 6209, 0, 0, 130, 21, 0, 0, 52, 775, 9, 0, 0, 505, 0, 660, 1360, 367, 0, 0, 0, 0, 0, 5, 1, 252, 2, 0, 1, 2, 0, 0, 138, 0, 0, 0, 0, 0, 0, 12, 102, 0, 0, 0, 0, 0, 621, 0, 0, 0, 0, 0, 10, 0, 1, 84, 1, 0, 0, 0, 1, 0, 0, 0, 1, 0, 0, 0, 45, 0, 0, 14, 3, 0, 2, 7, 0, 0, 0, 3, 0, 0, 0, 25, 1, 31, 0, 0, 4224, 0]
layer: 5
[4440, 0, 0, 0, 0, 0, 1, 0, 5, 0, 0, 0, 0, 0, 4, 15, 0, 0, 0, 0, 12, 0, 0, 0, 0, 4, 0, 0, 11, 0, 0, 0, 0, 0, 21, 0, 0, 0, 0, 0, 0, 1110, 1721, 0, 0, 0, 0, 0, 0, 0, 0, 79, 1, 0, 0, 1, 70, 0, 0, 0, 3556, 0, 0, 0, 0, 27, 3, 773, 10, 0, 5, 131, 0, 0, 797, 1, 0, 0, 0, 9308, 0, 0, 0, 0, 0, 0, 0, 128, 35, 0, 440, 2, 0, 0, 0, 0, 0, 68, 21, 0, 0, 261, 0, 7, 0, 0, 0, 538, 0, 204, 0, 0, 4, 64, 0, 0, 0, 26, 0, 0, 1, 0, 0, 281, 8575, 0, 5, 2]
layer: 7
[0, 3, 0, 12, 2, 0, 0, 6641, 146, 2, 633, 349, 0, 0, 1221, 0, 0, 0, 0, 0, 0, 1, 0, 1, 1, 0, 0, 0, 0, 5, 0, 0, 6, 3, 0, 0, 14, 0, 209, 3, 0, 0, 0, 1, 21, 7130, 1, 0, 53, 82, 1, 0, 4, 132, 4446, 0, 0, 0, 0, 0, 0, 12, 1529, 0, 5, 492, 0, 0, 7, 53, 0, 0, 0, 0, 0, 0, 0, 0, 0, 0, 0, 31, 0, 133, 0, 0, 6, 2, 0, 0, 0, 37, 0, 0, 0, 0, 5, 40, 0, 0, 12, 0, 0, 1, 2, 0, 0, 3, 0, 0, 0, 0, 683, 0, 7, 0, 12, 52, 0, 8073, 0, 67, 5, 92, 0, 0, 284, 0]
layer: 9
[0, 0, 0, 0, 0, 0, 0, 0, 0, 6258, 0, 0, 0, 3, 0, 2, 441, 1, 6, 13411, 0, 6, 0, 542, 0, 0, 0, 0, 3880, 0, 3, 0, 0, 0, 0, 0, 0, 0, 4048, 0, 0, 0, 121, 2, 0, 62, 1694, 0, 7, 0, 0, 0, 0, 0, 36, 0, 0, 3, 0, 0, 0, 0, 0, 0, 1, 0, 0, 0, 4, 0, 7, 2, 4, 0, 0, 25, 281, 2, 5, 0, 0, 5, 0, 0, 0, 0, 45, 396, 0, 504, 0, 0, 166, 0, 79, 0, 0, 0, 3, 0, 0, 0, 0, 0, 0, 0, 0, 105, 1, 98, 0, 0, 0, 0, 0, 286, 110, 0, 0, 0, 0, 79, 0, 19, 0, 0, 0, 15]
layer: 11
[0, 0, 2404, 0, 6317, 92, 337, 0, 0, 0, 0, 34, 0, 0, 16, 0, 133, 47, 0, 0, 0, 1061, 0, 18, 14, 1, 0, 0, 0, 1049, 0, 14, 0, 13955, 206, 0, 0, 0, 0, 0, 513, 1, 0, 0, 218, 0, 0, 0, 0, 0, 0, 132, 48, 0, 0, 239, 0, 0, 0, 122, 0, 0, 0, 0, 0, 287, 0, 0, 0, 0, 0, 2, 0, 0, 0, 0, 0, 0, 0, 318, 0, 0, 0, 0, 30, 0, 0, 0, 119, 0, 0, 0, 31, 0, 0, 1, 1, 0, 0, 1903, 0, 9, 224, 0, 163, 0, 0, 0, 0, 0, 0, 0, 2, 0, 2165, 0, 1, 0, 0, 2, 0, 0, 0, 7, 0, 364, 11, 157]
